# Antenna elements layout
# Station label: stn.070.C70
# Number of antennas: 256
# Station diameter: 35.00 [m]
# Antenna minimum separation: 1.50 [m]
# X[m]  Y[m]
2.514686351371345552e+00 -8.257272921778522345e-01
-2.851881339409738203e+00 -9.769644233571147751e+00
-4.947686822257274741e+00 -1.085281911082820372e+01
1.063632583252897845e+01 1.189140875821280474e+00
-2.403545524563989844e+00 1.283368468129405926e+01
-1.381826960929723569e+01 5.226048037358737020e-01
-6.041304783860237393e+00 1.692316212123969876e-01
-1.529680366977324013e+01 2.008247914859484951e+00
-2.088756410302586630e+00 1.459515355087181376e+01
2.654001422334172133e+00 1.366696053697497604e+01
-6.269201323671325099e+00 1.546580564789623224e+01
1.276350618884070798e+01 9.730698847657492934e-02
1.300338891857204970e+01 5.397186580454555127e+00
-1.997187433254296707e+00 5.444538330588251540e+00
-7.325708277424862302e+00 9.563494919438060293e+00
1.102776640589162582e+01 1.031644931750967586e+01
-1.391296015753491666e+01 -1.266449685554935201e+00
-1.486777715783812681e+01 3.608053690042343220e+00
-6.711948127668048159e+00 3.260074962049095859e+00
-4.620677332816409688e+00 2.405635389724213979e+00
-8.270467138405521723e-01 1.377123495869724934e+01
5.025049332597884444e+00 2.146029319879065866e+00
-1.703565067455624416e+00 -1.106378205871997444e+01
-5.608227178969295679e+00 4.825003611686558003e+00
-5.366328039412842088e+00 8.718911051270136880e+00
2.099181444349042636e+00 -1.481169448334413552e+01
-3.840963322063950969e+00 -6.841730486336594197e+00
7.915822101115573162e+00 -1.118749129383203389e+01
-2.034262650780025439e+00 3.385980306682402130e+00
8.373467285953992700e+00 -4.994817580648756916e+00
4.543696438935668880e+00 9.310733175423816732e+00
-8.739868256145385317e+00 -7.124417429103838018e+00
4.267740883064874424e-02 6.673823109166995948e+00
-2.534251910209277980e+00 1.089607440369497482e+01
-9.362914988682529582e+00 1.006854865806257493e+00
-1.595881243390502746e+01 -2.666735192596178194e+00
1.572829524515024247e+01 2.127483733815978439e+00
1.306624582276246471e+01 -6.768159309362310694e+00
7.507686631911994368e+00 -2.114892298473705523e+00
2.922190662346618950e+00 -3.406943510025278954e+00
1.549196007930513019e+01 4.398921176919500908e+00
-9.365589427067551043e+00 5.582217616800246418e+00
2.739228213789747457e+00 4.877553964086018823e+00
5.663580965816308321e+00 1.400081672897187346e+01
1.943216679029941218e+00 -1.286746168075474728e+01
1.480736758921432994e+01 -5.600505547638103820e+00
5.510476672235689932e+00 5.196351265051244894e+00
1.390155357481705778e+01 8.798956465351608358e+00
5.682200135427468268e+00 -1.047306831906551139e+01
-8.332747125476638317e+00 -1.524875503506924801e+00
-9.975987253499560836e+00 8.331499450845939236e+00
-2.249321245196233221e+00 1.634802110371171580e+01
7.034207835087727290e+00 -1.513364945500769920e+01
4.387049589523630999e+00 4.009001060585045906e+00
-7.882855539089463903e+00 3.255362648051374208e-01
8.629227318604627328e+00 -3.406810685137740435e+00
-3.840194949440927985e+00 8.284538392181381994e-01
-6.469081042303635343e+00 1.673002396814943893e+00
-5.191754064415157188e-01 -1.492936473119495489e+01
-3.344232344748666819e+00 -1.446107977127438460e+01
-1.242751591304740266e+01 -3.056055909734615383e+00
5.143797957585668712e+00 -3.541139741964506982e+00
-8.468452531399281114e+00 -4.232689080464016484e+00
-5.489329619859285359e+00 1.387712430673961350e+01
4.109499426678592471e+00 -1.343392604761165643e+01
-6.388893777530000762e+00 -1.530519754945935063e+01
1.243284222066389688e+01 -3.290622193892859926e+00
5.435660299964656161e+00 5.166872419671690864e-01
1.610732899723968359e+01 -2.439828477857910016e+00
9.055705755507077015e+00 3.807502110527781980e+00
-6.361124399974503518e+00 -4.595019821349394462e+00
-1.081950240169797084e+01 -5.901104643186602772e+00
-4.422886594684731776e+00 -3.808175205106197225e+00
1.381157002400569667e+01 -8.477349432766015269e+00
9.911128754458005119e+00 -8.951870202751942784e+00
6.153879797653129202e+00 -8.640714152885678345e+00
3.714440734207514083e+00 6.671434817534478867e+00
-1.298961258699406329e+01 -5.273604518950675057e+00
-1.283348031785925514e+01 3.520051388211179244e+00
-1.032341852451398623e+01 1.290411233801278712e+01
-1.009216260495716000e+00 -1.290189104512866081e+01
6.727270840866275137e-01 -6.341469804712005498e-01
-1.215730797950532605e+01 7.845030227794691058e+00
-1.342096573796011327e+01 5.788356131840181718e+00
1.826363256059451601e+00 1.156080666808330548e+01
-1.242799421335012156e+01 1.026979317545793080e+01
-1.163063791536874625e+01 1.562246422846769178e+00
9.137831272034638630e+00 -8.691430640526682794e-01
-6.355427582860611935e+00 -1.227987230019289555e+01
-8.734311763915359350e+00 1.308159290627743943e+01
-2.910151532078941727e-02 2.891878609503454101e+00
1.028441766144786840e+01 -1.273501172897620570e+01
1.484566436144405088e+00 8.862912059710208013e+00
-3.916836022860652022e+00 -1.828560094334616082e+00
-5.519553170948766407e+00 -8.429843012624731458e+00
-8.650347351971385379e+00 2.842890259321745106e+00
6.540843472688901983e+00 7.491635678447348567e+00
3.667610352917865413e+00 -1.534205551283263347e+01
-2.614682069184407709e+00 7.082710121920914759e+00
9.335099305682600601e+00 9.425541308744719515e+00
1.083791425529348373e+01 5.691784028899000702e+00
-1.590344608458771347e-01 -3.271234445081550035e+00
7.494751324273341453e+00 1.408461009378519080e+01
9.603118411729962389e+00 -1.099825963801124828e+01
1.219946342177279064e+01 -1.065739149619096615e+01
-1.076441116280193100e+01 2.883468933634450337e+00
-2.237086850031033691e+00 -3.826417366244415419e+00
-2.009327065911911347e+00 -7.829294997964355574e+00
-2.469070095987968116e+00 -5.655974343367915935e+00
1.335945910195270869e-01 9.669650095393151901e-01
-1.123678035936108977e+01 -1.245763114325654897e+00
-1.578133472000870086e+01 -4.187925567758767897e-01
1.208760626327147847e+01 8.678809002612005941e+00
9.402140280009319895e+00 -6.419841145082228806e+00
3.515916827509595777e+00 -7.283000951276896728e+00
8.542173890219384447e+00 7.384424483629324243e+00
-1.301143057175742968e+00 -1.097841146019504777e-01
5.574748136990478997e+00 1.090802316352107937e+01
-1.089246194636083231e+01 6.821384873855304676e+00
1.927435968816421763e+00 3.472242460689127341e+00
7.425454720578304801e+00 -6.484459304857125517e+00
-7.174804148917909075e+00 6.894451206199573079e+00
-2.344771533576228251e+00 -1.580860369610061156e+00
7.211620446899246417e+00 6.022755567409234345e+00
-6.747110290464606308e+00 -2.271279315142853861e+00
-9.377987792313614790e+00 1.104094976968332276e+01
3.190570069617315596e-01 -1.026983768949100906e+01
-4.415190703612310585e-01 1.211446771853077564e+01
8.573649904621763795e+00 8.686817242455333599e-01
1.060419701903308365e+01 -3.942377248931624223e+00
3.933202400541691901e+00 -8.802427930677508172e+00
-9.011843591637743955e+00 -1.353323557941086008e+01
-1.279241666687042311e+00 2.008580691330671186e+00
-1.031806012784622339e+01 -4.152403231613607915e+00
-1.197995816566960237e+01 -6.892836161210601276e+00
4.565503055447916125e+00 -1.033117466720685940e+00
7.417997104031901046e+00 2.169692570078332494e+00
-1.298136149056718480e+01 -8.028374420053992822e+00
1.065879442289890022e+01 7.350424710704086095e+00
-7.965378731655905042e+00 -8.884189956189210591e+00
-8.076679669573918474e+00 -1.052831424135372096e+01
-1.100400200772374149e+01 1.109618243570425378e+01
1.811862671737287656e+00 -1.045261450185689789e+01
1.393107214943170291e+01 -1.464833091286308786e+00
7.810195523147314134e-01 1.357008001403489317e+01
-1.190389295316499840e+01 5.202842298104293661e+00
-4.693824017053746189e+00 -1.581535766306305391e+01
1.089250661692357269e+01 1.199864565018922136e+01
-4.632370117234211548e+00 6.608498445269354704e+00
-1.507234485397951751e+01 -4.892442289396120358e+00
9.520814801951519968e+00 1.121092315614913559e+01
1.623735573180091762e-01 -7.095951099754984170e+00
-3.781083835120861991e+00 9.499317633052324794e+00
1.628349051674609171e+01 4.954432685209759768e-01
3.383020940998662240e+00 7.572688269038501119e-01
-4.406776000769943025e+00 1.564666229146247645e+01
-1.081638046225088345e+01 -1.226513875304458523e+01
1.043607151641363018e+01 -1.855852629154249200e+00
1.195566193254766318e+01 -1.401016765642818740e+00
-1.741696577421798509e-01 1.557047188204962396e+01
-3.981791360889346265e-01 9.168514995370106391e+00
4.177571097310952553e-01 -8.594013294586957841e+00
1.446802195214801756e+01 6.795065873256316280e+00
1.125096479079386924e+01 -5.352695790436586165e+00
-6.299523951504623298e+00 1.157559697889509565e+01
-9.556741825405705271e+00 -1.100061886864839167e+01
-3.055945108442367442e+00 -1.596215312111005069e+01
7.977141169598880310e+00 -7.988414639422440899e+00
-1.395220783688821342e+01 7.721748368233075865e+00
7.167815268099221981e+00 1.055711034355297429e+01
-4.343980314977654800e+00 1.174967706624589070e+01
8.963514467550545817e+00 1.267295729617521971e+01
1.849139995097889511e+00 -7.933346409533873711e+00
1.725048963029138349e+00 -4.316427945112373266e+00
-1.032235779933965603e+01 -8.242606066300742995e+00
-6.401209413590361663e+00 -6.809251636269809893e+00
-6.846527970982068112e+00 1.299597714845884155e+01
3.358127179760529657e+00 -1.210471884196940451e+01
7.364062029052352187e+00 -1.269561379307548243e+01
-8.642565838025182856e+00 7.359533886728684138e+00
1.276372098763524221e+01 2.564507920127379492e+00
-3.337303026093312752e+00 4.698154429038339686e+00
3.526686967819593121e+00 1.110776886616412185e+01
-7.911241317232661885e+00 1.451983906318790218e+01
1.376371053360485774e+01 3.692703644907304295e+00
7.474937275185705943e+00 3.832834045684919033e+00
-7.547574862356484005e+00 -5.829881047784910564e+00
1.870197214610080039e+00 1.522924626397564651e+00
-1.292755244583676699e+01 -9.809309526831626158e+00
1.472689732426107412e+01 7.316627062242062607e-01
-1.114665535599790402e+01 -1.035313261070704982e+01
3.532773011432340127e+00 1.576365256174184992e+01
-3.117031790857126339e+00 -1.282882939979236880e+01
-1.541050132232018477e+01 5.615444129130541029e+00
8.720889556819866328e+00 -1.355421961822510468e+01
4.222758184950659910e+00 1.334841743868468100e+01
1.443515899730229535e+00 1.512720523936087602e+01
-7.417994886511232622e+00 4.791490197285099839e+00
-5.075858532681850832e+00 -1.435100303561042878e+01
1.554590880072976944e+01 -8.496525207182799022e-01
5.560417721503803534e+00 -1.245265965017008369e+01
5.912542120498798681e+00 -6.297027398096224360e+00
-1.411442657836123260e+01 -6.724941370126822804e+00
6.082409093947255485e+00 -1.617375482588117919e+00
1.084777323530324367e+01 -7.328034393367287791e+00
3.237702664392454466e+00 2.505311265094146478e+00
-1.444709301115591771e+01 -3.095360096588580134e+00
1.863454691374570871e-01 5.136900903948568242e+00
1.115574155752995011e+01 3.139935984175558303e+00
1.304427047822630570e+01 -4.717409335052000330e+00
1.246639238502820035e+01 -9.174375052912660422e+00
3.168444275426445245e+00 -5.724897163179750947e+00
6.749272927583991333e+00 1.274979084247969396e+01
5.083131009460544192e+00 7.865332291296574851e+00
6.856130228789538705e+00 -4.407738423558296148e+00
-3.551326841552207014e+00 1.408651271209501488e+01
3.939738957935805530e+00 -1.056018830194216918e+01
3.891093188323466734e-01 -1.635702726705369159e+01
2.654211283310345948e-01 -5.493580717540512026e+00
-1.659342649667433989e+01 1.192425095787911005e+00
1.596327819705474127e+01 -4.106021934740619272e+00
8.302086979967779001e+00 -9.665275395774180822e+00
-7.394682133574601579e+00 -1.385858004993926151e+01
5.539203318659591702e+00 -1.578203865273087381e+01
-1.346553318230683871e+01 9.185533522344879742e+00
1.627561177224745137e+00 -2.060138649633188379e+00
4.754465702228078072e+00 -5.193410989726739757e+00
1.758025972284919192e+00 7.094688958829113545e+00
5.964854701484707533e+00 3.396497237498650179e+00
-1.030058237515138586e+01 4.373694578295232560e+00
-1.168348113670444022e+01 -8.946965597364048506e+00
-5.053947987390520424e+00 1.040374234815982746e+01
-4.029867753593368462e+00 -8.629320298616223184e+00
-1.370973416173155357e+01 2.244259089708005916e+00
7.747345754072668456e+00 8.657238278317120006e+00
1.492729070822784365e+01 -7.106238595704036598e+00
-8.321277037602483162e+00 -1.215945778975947356e+01
8.389158637729430268e-01 1.034565775633979712e+01
8.835157126105269043e+00 5.875072660424734750e+00
7.416020866904730724e+00 -3.267958229884584398e-01
1.424766479322961743e+01 -3.729800630601049605e+00
-4.851861763969296248e+00 -5.594133258167046208e+00
1.281809441094583235e+01 7.164733163641852087e+00
1.235931925438314494e+01 1.123086666392243060e+01
2.224456489104621681e+00 -1.634945223904946587e+01
-1.088309100473485103e+01 9.585897784260424714e+00
-2.402491940191934461e+00 8.765965512179779040e+00
1.686267644035996938e+00 -6.172965161706333248e+00
-6.576642750973604734e+00 -9.575241108634140019e+00
-1.201276857460588232e+01 1.038073813262343492e-01
-1.173898224012155822e+00 -9.150102649044956848e+00
3.019484680564534784e+00 8.204515725537209647e+00
-9.760124825655903891e+00 -2.452922327187760487e+00
-8.890798259050066932e+00 9.433902914042633370e+00
5.877729885771568519e+00 1.554817603206255683e+01
-9.673243555999391674e+00 -7.574036677703759324e-01
