# Antenna elements layout
# Station label: stn.309.E7-1
# Number of antennas: 256
# Station diameter: 35.00 [m]
# Antenna minimum separation: 1.50 [m]
# X[m]  Y[m]
-7.809353534323602020e+00 -5.601488051053047812e+00
-3.371898079466781439e+00 -7.950768395940180255e+00
4.782702865864347785e+00 7.188892293925917443e+00
4.840128788688218719e+00 -1.551824251979299518e+01
-1.277129517167946915e+01 -1.860104298325886418e-01
-3.862783421214370350e+00 5.293756824552961149e+00
-1.122549886873196456e+01 4.282596153962678898e-01
-1.163495683131903746e+01 2.654501030899673708e+00
3.788219014159317055e+00 5.542799750047468166e+00
5.121919237662702074e+00 1.352396616780801253e+00
1.257757211491124139e+01 -3.383223512214861728e+00
7.291520875658768830e+00 -6.987477624418158229e+00
-9.393266231608681238e+00 1.027856971877283954e+01
-1.142834118821221701e+01 6.760466571692308690e+00
6.407313442343269827e+00 -1.258655699812579698e+01
-5.987365750374411988e+00 1.334624674359255891e+01
1.307465847871931430e+00 1.529607759252431265e+01
1.600392122146757146e+01 1.727127292991678331e+00
1.393840072386442586e+00 -4.190804917098477134e+00
-1.069190765525116049e+01 3.930228856652853153e+00
1.516204020023199206e+00 -6.966898074026337540e+00
-6.416365330443451143e+00 8.821673999230682739e+00
7.099549546640059106e+00 -5.185893071160766254e+00
-2.179835730848221687e+00 1.481514311464832900e+01
-5.192045225327660773e+00 -1.071186865717491088e+01
1.427666205391156851e+01 -1.897619271444312972e+00
-7.769407627681838235e+00 4.202329314258822279e+00
2.822811582303756950e-01 -1.618681802207541054e+01
-1.466155610260809183e+01 -5.020085811587987834e+00
2.366663943653879443e+00 3.541757079897625005e+00
3.008684723600072886e+00 1.579572848777859662e+01
1.128209033047209786e+01 -8.487292895149355587e+00
2.225712592946678114e-01 -9.084866930874563096e+00
-4.096286711895624322e+00 1.487123568258276407e+01
6.636842179856259349e-01 1.293613807643691160e+01
2.481935632040219275e+00 9.106707493625521010e-01
-2.928642523775463857e+00 3.580374629422962585e+00
1.231788623887140943e+00 8.278231614398475102e+00
-4.478585807741600533e+00 1.055331767202064697e+01
1.421554718053958055e+01 -8.449350991637738062e+00
-2.471025180336717142e+00 -9.612869503835018037e+00
-1.323543357445242563e+01 -7.109845085179564705e+00
-3.461167466629332168e+00 1.238292200342419136e+01
-1.077785037517026367e+01 -5.199446877948673773e+00
4.921174083267349175e+00 1.501332243991615911e+01
1.354433613357354460e+00 -1.825447777628642854e+00
-1.070208223191164620e+01 1.239839820326664821e+01
7.605571723711573640e+00 -1.493008307387889033e+00
-8.109758088838660228e+00 1.612012331523896336e+00
1.137215650174113080e+00 -1.072151994161627897e+01
-2.471128217346009848e+00 6.274773631914538186e+00
1.357606114024576627e+01 -5.787161837761770400e+00
8.362041601119642564e+00 4.061914242829303134e+00
-8.099803499106004168e+00 1.124977251488559205e+01
5.259740631553849965e+00 -5.255330055897857733e-01
-8.303701805216245901e+00 7.437962061589868057e+00
8.582843407730692320e+00 -1.107427111673474940e+01
9.845358696181342850e+00 -1.019035570466123453e+01
-1.097432319304983750e+01 -7.974461218883941882e+00
-1.230070085663594881e+00 4.942674257838334029e+00
-4.278285078658269569e+00 1.190126353698630624e+00
-6.389327503622881821e+00 -4.268325201317733075e+00
5.432724517852950186e+00 -6.046136625017160426e+00
-8.813359525730163568e+00 -1.092752558902422777e+01
7.568921790714931319e+00 -8.939582842617472380e+00
7.544880078560133541e+00 2.323372782344176102e+00
3.654829743540730647e-01 1.092412296545393957e+01
-1.253765153041310754e+00 2.833183787550119348e+00
3.089487568054209987e+00 9.411286536676133352e+00
-3.629412650493129888e+00 -1.204100793176462147e+01
1.108970526275983559e+01 -4.952355198407285997e+00
8.324991491255953946e+00 5.829767796347663733e+00
2.182290744404866700e-01 7.148576852436669071e+00
1.293887559123238518e+01 -9.574797599101046330e+00
-1.570158923245174343e+01 2.663705386238632400e+00
-5.972280598627396131e+00 -7.309531097070593120e+00
3.912864530986134071e+00 1.205644573274904729e+01
-6.171774785339119163e+00 -9.739824009554141071e-01
-1.401177245353610346e+01 8.953899354751015949e-01
1.089468046126291867e+01 1.931324150469290402e+00
1.232802030198038068e+01 5.195536279289385106e+00
8.232532007470599211e+00 7.614951299902163129e+00
3.100371427030506055e+00 -6.126156297776100601e+00
-1.229299207394417870e+01 -1.102607725589830068e+01
1.537671118355056876e+01 5.567602273002894009e+00
-1.059743881707838042e+01 -1.018946597426442580e+01
-1.633086606945997943e+01 -2.670080480885157925e+00
-6.141111401645259704e+00 -9.287733700447144969e+00
-5.107168809481326122e+00 7.754228120899661292e+00
5.111948778314161501e+00 3.239017539752715891e+00
-5.009993754198163174e-01 -4.297641906739022133e+00
-1.200770694769319036e+01 8.864849992186382366e+00
1.155870318437099087e+01 8.292203707978064386e+00
1.378265405843751523e+01 1.205449510227360577e+00
6.420324604366687282e+00 1.332568704349124289e+01
-8.458500895791623009e-01 1.570776058596734970e+01
3.612119109292908803e+00 -3.146559165611964914e+00
-1.946341386770427562e+00 -4.967773982955177914e+00
-5.267869072386673679e+00 4.188944362242473574e+00
-4.971950205312593241e+00 1.212955411329231836e+01
-8.967458750231262599e+00 -6.255427467981959921e-01
-1.855006896965505803e+00 -8.089062043739067676e+00
-1.481715596448176875e+01 -1.454519045085568507e+00
7.363032686246597791e-01 1.199416106354004086e+00
-7.128543338763790871e+00 -2.609071688193887795e+00
-1.359360700024077495e+01 -9.763875508021197192e+00
-9.980507449882539461e+00 -1.246620747833185661e+01
-5.659565042055412221e-01 -1.289685093380928471e+01
-2.009376290647155727e+00 -1.404599659944211254e+01
-1.248674628146689614e+01 1.038444797658734231e+01
1.554278517975189544e+01 -5.762033260624066955e+00
1.156399600969654529e+01 -4.061332182642978239e-01
-9.088443621290659635e+00 -8.674580367056833552e+00
-6.361717027603230434e+00 -1.169633958611990998e+01
-9.868004176224946633e+00 8.038256018593902041e+00
1.034064240188741834e+01 1.206200070054558182e+01
1.701668399753909711e+00 -1.312249739188930420e+01
9.156560115637859099e+00 1.985218371745443022e+00
7.104205115950325222e+00 1.193859812089432282e+01
1.303572519426052168e+01 2.751007387551183569e+00
2.807479530420561531e+00 -1.029851789071760670e+01
-6.381437066337829478e+00 2.361986401118599588e+00
-8.430094446922034024e+00 -1.317744223755162558e+01
-9.243891554102869890e+00 -6.175913546230852091e+00
-1.655603407025915175e+01 -1.164300465058968115e+00
2.212322134657753736e+00 -8.622154323632779338e+00
7.912449284176251041e+00 1.362454702530633099e+01
7.321236259443235639e+00 9.968660601565591861e+00
1.108864376501204774e+01 -6.698959382441865174e+00
-7.719085871264184107e+00 -9.653317132120399435e+00
-2.450613125595786812e+00 -1.476929237161975550e+00
-4.125816402637759950e+00 -3.957218305199884156e+00
6.656966310951958121e+00 1.451982040573014388e-01
-1.049328353425074667e+01 -3.236218593763025453e+00
1.258254464307513132e+01 1.026356260503428075e+01
-2.681926628051817474e+00 1.907134134139710113e+00
-8.739158677903553496e-01 -1.098376247769762593e+01
4.206493961425167072e+00 -7.547073259191519057e+00
1.446493870161849671e+01 -4.432465923864377544e+00
1.446424214027709354e+01 8.163468089090152091e+00
-1.182124951701263882e+01 -2.320897574063151225e+00
1.100994273234060472e+01 -2.824836091595228638e+00
-9.325905438481584042e+00 -4.266789805061687701e+00
5.883015821881691920e-01 -1.416964536169115618e+01
-5.395670511812975079e+00 1.563163731280717883e+01
-9.428471624703540499e-01 -6.144819105364199174e+00
5.460240135866271771e+00 -2.056389941234282759e+00
-6.733119100610764463e+00 -1.397828900261283813e+01
-1.231077710631078403e+01 4.287783799131695162e+00
9.373518770807621081e+00 -4.574307976882362681e+00
-2.670380645833374089e+00 8.485185915163587111e+00
6.599072185242334854e+00 -3.597509412328939504e+00
-3.936462987237002054e+00 -1.563850424801861649e+01
8.683562850076651074e+00 1.000646141204803996e-01
1.088543466166808571e+01 4.455071888707447414e+00
-1.507674266136351804e+00 9.835981821216694954e+00
8.971113049079303181e+00 9.929548438820013700e+00
-3.066045891155663838e+00 1.583316388440891842e-02
-5.085317851196112571e+00 -1.311543689648049416e+01
9.155345050500386606e+00 -7.289975300715443751e+00
-1.303311138807891467e+01 -4.643075493487312855e+00
1.078162195579717419e+01 -1.240759432219363489e+01
-1.316769651842525413e+01 7.809583033220672377e+00
5.558325336020157437e+00 -8.297492957065044195e+00
8.531647685221869892e+00 -2.902356264338775915e+00
1.617786019966209921e+01 -1.928053507324905880e+00
1.548181033852181088e+00 5.782743322663179697e+00
4.557439054434695436e+00 -1.307488810660412071e+01
9.861332660878286305e+00 5.850893161261240039e+00
1.161887660782409881e+01 6.672058760863055937e+00
6.233884203014689263e+00 7.642049580141112131e+00
-5.636396403972907976e+00 -5.760352713685623627e+00
8.854438833101745843e+00 -1.382546586762639151e+01
2.528032199183734008e+00 1.328175164859835533e+01
4.424577986034883281e+00 -4.673134829505958265e+00
5.442164881350670669e-01 4.026300627350057226e+00
-1.282733883001817787e+00 -5.677989888090451132e-02
-1.252945403944188030e+01 -8.582021704694950515e+00
-1.559478734382366838e-01 -2.292350501727172585e+00
1.061838464032593166e+01 9.728458260603844110e+00
-7.864823987544815154e+00 1.456626829567062487e+01
1.296434182260630052e+01 -7.224079675225780761e+00
-9.935109846556503754e+00 1.277763695099324082e+00
-1.477702082074638312e+01 5.985861957623455964e+00
-2.399443244457856395e+00 -3.318549220891163998e+00
9.512251821733439527e+00 -1.152385103434070857e+00
6.305079763597944975e-01 -3.469095935444279633e-01
1.757433136180885924e+00 1.018133240408351270e+01
-8.396452959943879080e+00 5.674118460394513619e+00
3.391162315131403204e+00 -4.059213640206635887e-01
6.790656978383243114e+00 1.503198510574627278e+01
-6.897146191595421527e+00 6.505682613708312800e+00
5.974896515500343952e+00 4.533642350714231384e+00
-9.617286502938913628e+00 1.370100901967345663e+01
-1.215198402266869060e+01 -5.882956070401666793e+00
1.542245708140200833e+01 -5.643092223770125315e-01
-8.182852934096107589e+00 9.365696341655297630e+00
2.837532801017768946e+00 -1.418650307625079776e+01
-1.004712538139408196e+00 -1.528875990158243603e+01
4.209173629695310836e+00 -9.553415478980863185e+00
5.465908851929359713e+00 9.699664923063341604e+00
9.967800399702991143e+00 7.789290128783154188e+00
1.608163311849784094e+01 3.300108726437162687e+00
-4.681333868256665198e-01 8.495723645446393135e+00
-1.391325130265332710e+01 2.915798310617226718e+00
-3.731290586380591634e+00 -6.042657176023165988e+00
-1.548580104724933904e+00 1.215055312379907448e+01
1.129666993580942247e+01 -1.081908188241274615e+01
-5.519470403108565293e+00 5.701168204781332349e+00
1.346540793939928804e+01 6.708241405186498696e+00
-1.585935334531438379e+01 4.674966183445700807e+00
1.267454691070084039e+01 -1.794251982208406204e+00
-4.190242523042853051e+00 8.958665639084991028e+00
-1.109119918439134267e-01 -7.542553618192435749e+00
1.360500760186519997e+01 4.234994508672151881e+00
6.863873390668477015e+00 -1.455962618084765481e+01
-1.908374150012228654e-01 1.422684474665665633e+01
-4.479520687324351158e+00 -8.967338763582937133e-01
-5.111669299698808899e+00 -1.465812474344530969e+01
-1.270493672586804834e+01 5.744583887348394313e+00
5.371966475299966959e+00 -1.091370389740593616e+01
-1.491053355156734384e+01 -6.721158862764342601e+00
3.485544025277842906e+00 -1.196540605208264907e+01
-1.553495205479713448e+01 6.569947802617477350e-01
-1.024839894245731564e+01 5.591252052251345361e+00
-4.318777975870206731e+00 -9.418182946056264271e+00
2.944165248451025008e+00 -1.577231281363176585e+01
-1.881434137445777921e+00 -1.660551086176074165e+01
-3.550743121744945441e+00 -1.357091810692359246e+01
-6.540720484969128279e+00 1.082448058759914744e+01
-1.357930770891004357e+01 -2.971326297636339930e+00
-2.924511047976729117e+00 1.068245876898700786e+01
-8.314154790708400355e+00 1.281106052965575159e+01
5.502636775496085875e+00 1.187714850078752704e+01
-7.608063519044016232e+00 -7.813822306951186292e+00
-5.519620404804118863e+00 -2.420450457277121714e+00
8.574506114508579913e+00 1.156140374275353722e+01
-1.419529795661278015e+01 4.585688423474401532e+00
-1.068068100226496675e+01 -1.248626638347335671e+00
7.015710897535864632e+00 -1.069569024291808468e+01
3.184726981924235645e+00 7.538746790939956810e+00
-7.401859184493982724e+00 6.758698566462584267e-02
-9.681340867635684688e+00 2.780315408790485776e+00
-8.634420739202505857e+00 -2.840422235938792284e+00
1.534778582180712903e+01 -3.189543065160854951e+00
-1.606413131934959893e+01 -4.169597903417393781e+00
2.906914200479505439e+00 -4.481634952649640624e+00
4.704252253458136579e-01 -5.453511788652814829e+00
-5.735251799850729526e+00 5.139073918348238124e-01
6.821339683002015875e+00 6.123522439822462360e+00
3.192239853911253533e+00 2.254250355751302948e+00
4.961577938313936897e-01 1.667994134666106731e+01
-1.092320348784708273e+01 1.008936279594953689e+01
1.452373286688560938e+01 2.992321020062707504e+00
-1.437262865250028554e+01 -8.232175534146499274e+00
-1.388095768238276229e+01 9.291202320958891647e+00
