# Antenna elements layout
# Station label: stn.502.N15-2
# Number of antennas: 256
# Station diameter: 35.00 [m]
# Antenna minimum separation: 1.50 [m]
# X[m]  Y[m]
-1.063158645624351095e+01 4.633039503844372575e+00
-3.293491639656977554e+00 5.391977462149821321e+00
9.090153711071454978e+00 7.204768029075673041e+00
8.584114851528603651e-01 5.466976419789251196e+00
-4.056210818425398656e-01 -6.804627511973368570e+00
-8.101700373456131032e+00 2.634543700779250486e+00
-6.129716582331155905e+00 -7.334056947994788800e+00
4.890485470546838798e+00 1.448710737684999472e+01
2.646188277552852242e+00 -3.198813248183078883e-01
-1.158359586978580325e+00 1.347592230417688697e+01
-4.258283539029871889e+00 -1.442588460467126055e+01
-1.402322994743415663e+01 1.097536540867043442e+00
3.301808763770175403e+00 -1.227098543626691907e+01
-1.542569800530908175e+01 5.141006527866331055e+00
-1.111564821690817340e+01 -9.889823739183333018e+00
4.007018387129797077e+00 -9.771465993970629427e-01
7.492111706574952734e+00 -6.911034859323946122e+00
1.524442630099940033e+01 -5.914622672780559753e+00
-1.276761350175130261e+01 -1.077572776594278992e+01
1.248710370937778080e+01 -9.764153020806432437e+00
9.551375720246401357e+00 -6.540977456722469441e+00
1.601480074321542446e+01 1.197259124505205108e+00
7.395932329175710862e+00 4.192531236774140524e+00
-1.341137657471746891e+01 -5.496622322426352625e+00
-1.373028503751001139e+01 6.353606145343302813e+00
3.865541316165444385e+00 1.088832423604346644e+01
-9.059064592316623532e+00 8.763299204262438025e-01
1.307947502775713744e+01 3.458019197049004845e+00
-8.606572922531093184e+00 6.261961611536836614e+00
7.945058006942765871e+00 -1.066650262102967872e+01
-1.137777671488059639e+00 5.656125410395809183e-01
1.217833103866155753e+01 3.146454906531452878e-01
-1.370813405314208921e+01 -1.767119252124143003e+00
-4.705154877771652977e+00 -2.433151498647102784e+00
2.054214565144139470e+00 -2.332677399107637939e+00
1.017778461782311439e+01 1.132219938621525301e+01
3.934272016347119205e+00 -7.089272830219226051e+00
1.270680383578309858e+01 1.045367115221218057e+01
3.580445976800668006e+00 -9.361164745586954439e+00
9.324220453585496671e-03 7.611158613331326706e+00
6.026050043320530847e+00 8.247612213110425472e+00
-2.182026795372891570e+00 -1.504236138321774163e+00
-1.012985885172314227e+01 -1.283708914226266096e+01
7.235337909252471889e+00 -1.499807736037581662e+00
-5.194632475069049349e+00 -1.123332647596757461e+01
2.455981088596679740e+00 1.329585925302964711e+01
5.875504368922488396e+00 4.752050760848536726e+00
-5.285354930398897366e+00 1.085777173181361022e+01
-1.097450896800364362e+01 7.657423643842058425e+00
2.678130461248546368e+00 -5.982508869881710822e+00
-7.134503488578934238e+00 -1.277873293673345856e+01
1.602977197140361909e+01 3.553493824627910413e+00
-4.724572601665908422e+00 1.325991935617483719e+01
-7.632244578293605031e+00 3.833392038205651886e-01
-1.399391783345383899e+01 4.539160232435062170e+00
1.046224898315743346e+01 -4.525381612219108618e+00
-2.787890148287036851e+00 -6.684071932052795262e+00
-1.195418079927751620e+00 9.594232588941910223e+00
9.457514666412770055e+00 1.372660800382171331e+01
3.497330471389314965e+00 1.952226105611956086e+00
7.211190882922153378e+00 1.937366566324964623e+00
-1.767250442920657250e+00 1.592463034336460481e+01
-9.686871090196600420e+00 -5.217906715541829499e+00
-7.668285429871303904e+00 -6.620190167928653224e+00
-1.319186751682421388e+01 -7.689473866527643864e+00
-7.158205616282021566e+00 1.369854297906326579e+01
-5.969567167629557858e+00 -3.972319106329964100e+00
-8.780948169886610088e+00 1.136618563628966427e+01
1.507968966612403250e+01 -2.258598356445707722e+00
1.297551615721765472e+00 -1.470160716049158012e+01
8.828958455068690370e+00 -2.173921429411839412e+00
1.006625390439872092e+01 -9.487155161389230429e+00
1.551189792222927366e+01 5.465400064575398176e+00
-2.476174911993027195e+00 -1.005157865969153619e+01
-1.148684915565754139e+01 -6.186900609947288743e+00
-2.800705317575744147e+00 1.149206029606956037e+01
1.287379184835150170e+01 -2.753315690135501370e+00
4.983258634627638628e-01 1.621939725079584349e+01
9.929150927842293584e+00 -2.019640092079555416e-02
-1.162165750822511789e+01 -3.696646998300071374e+00
6.606982866548491984e-01 -1.175848297647038976e+01
-1.634519778904724419e+01 -3.659066482498907646e+00
8.623633102248053461e+00 9.976146803880713065e+00
1.179704927966668038e+01 5.124207019389881879e+00
5.441994470449110111e+00 -2.586669586248589781e+00
5.360626000089844467e+00 -1.290878750720781376e+01
7.849240665745732315e+00 1.431606636299922641e+01
-9.140663728369631258e-01 -1.097839151674642011e+01
7.104812879991730057e+00 -8.978162184734516771e+00
-6.246941058916522849e+00 2.942583942781130446e+00
7.147318919109601154e+00 1.212057656486968327e+01
1.049894846785888447e+01 -1.199869885569602879e+01
-5.564359359910797664e+00 -8.790405147343836489e+00
1.167114985025875740e+01 -1.812069018633637896e+00
-1.559105370571270655e+01 -4.986799512774975796e+00
-1.146350780797098601e+01 1.189007011373046296e+01
1.214578311323219140e+00 8.677280423612270255e+00
2.323439761584065621e+00 1.095163428199284539e+01
3.703520994581310788e+00 8.653112895164056795e+00
4.953592929692014479e-01 -2.313722849896290512e+00
-3.293259943593698225e+00 -8.643153114734943188e+00
-4.636393349184992019e+00 -1.592753868108776061e+01
-3.421210793576515030e+00 7.228842805768266544e+00
1.401933580250928912e+01 -6.229096446790656216e-01
-1.170092420467293337e+01 1.140049641976577988e+00
7.487610090481769731e+00 -1.238938314532819973e+01
-7.178599447090263652e-01 -1.529236498355446017e+01
-4.816006539683524323e+00 -5.667895759620368068e+00
2.255600328732850102e+00 1.529052839040905809e+01
1.354167592754843241e+01 5.277180002149638227e+00
-1.262093053341546600e+01 7.472682668948504414e+00
1.229102322404329328e+01 -1.128951361839365042e+01
-5.346555682515370833e+00 -1.334007874062172405e+01
2.839306288548744561e+00 6.581731300617637004e+00
4.659715891336286830e+00 3.754926556907925317e+00
-1.605829937683111908e+01 7.280258148465712509e-01
5.811438821130799681e+00 6.226132298017361677e-02
-6.005917104770603032e+00 7.203264661096412169e+00
-9.235304781951459319e+00 -7.783358936926818572e+00
-6.978461270455408538e+00 9.348097322830366096e+00
-1.532707508186652490e+01 6.749110599976916092e+00
-2.224878060800310919e+00 -1.492247913305573270e+01
-1.030023769050785276e+01 1.304931317489601739e+01
-1.438632284690353202e+00 4.615495385333684197e+00
1.826505565125426500e+00 -9.390531872403297342e+00
-1.336019597863441533e+01 2.917484625896555883e+00
-3.622260766820595279e-01 1.490150025434968484e+01
1.057236335916983805e+01 6.409397682491128734e+00
-1.469654610285051177e+01 -3.559713592240077773e+00
-7.389859857667001819e+00 -1.591963550370209646e+00
1.552160477067872080e+00 3.729344283792961789e+00
8.646372960818940356e+00 5.375828585370914681e+00
1.424794445683044941e+01 1.891889354916646226e+00
1.347418203147690718e+01 -6.163552664145266036e+00
-6.263361926838539873e+00 -1.522044059604410826e+01
-3.783305086897094327e+00 1.524598580739834119e+00
-8.120767488262831790e+00 -9.940852544802158519e+00
-1.837723271745645093e+00 2.781676619630996328e+00
6.804426698132495233e+00 -1.383250435800750999e+01
1.993170695930501779e-02 -4.992865365517745957e+00
1.421555934870958993e+00 -3.836513341685247269e+00
-4.442052180455378974e+00 4.374833183475519860e+00
-9.002592076013051781e+00 8.239150142382367648e+00
6.021451409921333209e+00 -1.517122753290875536e+01
-5.508961931528718381e+00 9.384523971262481723e-01
4.566170456485529883e-01 1.173650729741259724e+01
-1.305470861014295991e+00 -1.365275402140535022e+01
5.616056384298349968e+00 -6.906174684411949372e+00
-7.314266025865562071e+00 -3.113565788282611990e+00
1.186268416440959328e+01 -6.085265002425774838e+00
5.760763033725098126e-01 -8.471505942294918157e+00
6.762713703976004354e-01 7.731476183440832983e-03
-6.282954528819468365e+00 4.925289578100731092e+00
3.529842681714303154e+00 -1.584914528807614253e+01
1.441867966917974186e+01 8.350638501529388691e+00
1.276082849736338787e+01 -4.676541967528178745e+00
4.355219725699999600e+00 -4.249820504007470134e+00
8.665599680098164725e+00 1.341365924579182689e+00
5.443458090839886410e+00 1.625902699156146269e+00
-1.832230508998176077e+00 -5.409953304256687190e+00
9.242087005682019907e+00 3.801661655730157463e+00
1.176598100232088839e+01 1.181439082734718937e+01
5.645038701311420937e+00 -5.038730613157875737e+00
-3.221179553918419813e+00 3.484992755633385286e+00
1.071857618151164360e+01 3.416064995951352046e+00
-9.112859842833531232e+00 -1.119614437337358837e+01
5.742484227805309871e+00 -1.057505016476087434e+01
7.145178361992552851e+00 5.680706155941980029e+00
-1.063125865916195956e+01 -8.524542236818426488e-01
-1.115539269866311756e+01 9.388213212094498772e+00
1.015997665597544142e+01 8.299609093946664018e+00
-1.086616305663879700e+01 2.983389012844593680e+00
-1.095229029679092747e+00 6.152338970621588743e+00
-4.746044057052785092e+00 8.964570252198345912e+00
7.669408695391652486e+00 -3.960437507384083844e+00
4.876895948158249894e+00 1.239548606344685311e+01
-1.632165736694231839e+01 -2.140481155253091572e+00
4.073082855011559644e+00 5.404696078565898176e-01
-3.276188156604503021e+00 -1.155740394047790787e+01
-1.715462224802404734e+00 8.175048327175183260e+00
1.191089766877717437e+01 7.135736638856521097e+00
1.568106843729195532e+01 -3.947059161029958574e+00
-3.157836444618729033e+00 -2.153542072757979042e-01
-4.775619096733688451e+00 -6.993611197882430019e-01
-1.055476315281806521e+01 -2.532773425158358904e+00
-1.565424900232949668e+00 -3.170809900821380367e+00
-6.232209862906607611e+00 1.550505614282241851e+01
1.636399914262823785e+01 -7.915972206610568662e-01
-1.069014706018257144e+01 -8.178331885935413936e+00
-1.365313681496444431e+01 9.621167297065476021e+00
1.616127670655345128e+00 -1.617765488075130520e+01
-7.427690025122885231e+00 -8.125165734376642135e+00
-2.563781814246262059e-01 2.190877956254375647e+00
7.799861778695955650e+00 8.396885438635710130e+00
-1.343465332343640739e+01 -9.281851018130200970e+00
8.955708900136031048e+00 -1.184838683036569407e+01
-3.995426161923177233e+00 1.530572724419912589e+01
-8.729739829570030807e+00 -1.356231476009847725e+01
2.474637020668431830e+00 4.993340005760032341e+00
-9.212400624384203596e+00 -3.695767521301638325e+00
3.539509311355089949e+00 -1.385245415337750430e+01
-2.816673150779159585e+00 1.406374847503522219e+01
1.335739502167506743e+01 -7.732112223224788750e+00
-7.431572299965779393e+00 -4.750345727302761389e+00
-3.350938165075548980e+00 -3.472062703768759917e+00
-3.450809873599636646e+00 1.009751969774693237e+01
-4.670903722764514043e+00 6.216067691701056219e+00
-1.014810985023573053e+01 6.287825193127773105e+00
-9.055990424863328059e+00 -7.135565404365777908e-01
2.419684152202439265e+00 -1.086909904333974097e+01
4.969108440007421024e+00 -8.320979696471146880e+00
1.453113358099937358e+00 1.817792101435578900e+00
8.014399638610072429e+00 -1.892157408618793113e-01
-1.193574461464939240e+01 -1.914281529587970709e+00
5.948594760063489417e+00 1.104829085094493024e+01
8.447091822109154435e+00 -1.382750114534472985e+01
-8.981639592584143017e+00 9.788683027755546107e+00
-1.504244500426098696e+01 2.863836463044854952e+00
1.095137726330148809e+01 -7.927354451496132270e+00
4.501342052359824208e+00 7.015492362577873564e+00
-6.375836205192575434e+00 1.189601824690277709e+01
8.593931045553190984e+00 -8.722935631476905982e+00
1.973939200120852888e+00 -1.319458231177805629e+01
1.395489322502355023e+01 6.747312243001641008e+00
3.839479870758925273e+00 -2.671906007683357842e+00
5.192917404012099780e+00 9.500591953346170015e+00
1.069007565123765602e+00 -6.518379187609136594e+00
-1.226138781957941859e+01 5.045378760409995778e+00
-6.533528781924612616e+00 -1.038718490908108905e+01
1.250875829105257608e+01 1.911487719920124562e+00
7.615770165670774361e-01 1.333637038791732010e+01
1.259785469328881291e+01 8.898852607371605217e+00
-7.884103529148672962e+00 4.387670288586200229e+00
-8.722709790318747380e+00 1.331902501903864788e+01
-1.239636482729729750e+01 -4.719256213750782081e-01
-1.019480177029848278e+00 -8.357674571043180123e+00
-2.740670733209226384e+00 -1.647746291100234117e+01
-1.508917700503319637e+01 -7.289830458295405435e-01
2.331652616108915055e+00 -7.525884366557265892e+00
6.377312883220895401e+00 1.546489845787636597e+01
-1.109227603486324654e+00 1.155081702767212448e+01
1.091898522093732993e+01 9.891294931504560850e+00
-6.368141861646172686e-01 -1.099295599873514107e+00
3.272018771270630566e-01 -1.003187885383186284e+01
-3.346828561991481266e+00 -5.047341448685344290e+00
-9.542601905382422700e+00 -9.395138769059839134e+00
8.823824900645035996e+00 -5.130996011489189712e+00
4.076498624261581938e-01 1.013421529679155597e+01
4.296012237939343947e+00 1.608276484897810832e+01
3.121339385699137381e+00 3.471546875676764898e+00
1.483108789247692272e+01 -7.372401021458273362e+00
-8.822921826471104012e+00 -2.238996363441703608e+00
8.744443611811121286e+00 1.214916441234553446e+01
2.366795238546792746e-01 -1.330192945596396292e+01
4.239430439864744216e+00 5.525932029574903481e+00
-4.370123815847314575e+00 -7.169021119015221544e+00
