# Antenna elements layout
# Station label: stn.069.C69
# Number of antennas: 256
# Station diameter: 35.00 [m]
# Antenna minimum separation: 1.50 [m]
# X[m]  Y[m]
6.623263968422449466e+00 2.093753514795142934e+00
3.561770739986414469e+00 1.514380518617828386e+01
-1.039179944505372433e+01 3.978700313737121519e+00
1.487713639673106059e+01 6.092680871722873093e+00
-8.362722278052642011e+00 2.822097937233039033e-01
4.446632205209926525e+00 -1.351584141820839413e+01
7.996561726878610443e+00 -1.122373073826044632e+01
8.597768765365422894e+00 5.384861836980476824e-01
-7.557172300003367482e+00 1.360462124403705886e+01
-7.105556374108179085e+00 1.044681459271769342e+01
1.404883694443327613e+00 -2.985430806850404295e+00
-1.323263261142306568e+01 8.149882328385878338e+00
5.326341240793965426e+00 -9.282909264818075101e+00
-1.325710385326704710e+01 -3.727136854710312974e+00
4.753250970966789168e-01 -7.064153960192896875e+00
-5.339699008106189027e+00 1.116339549937795894e+01
1.319280458098104702e+01 -8.622820068961960516e+00
-6.831112054572798797e-01 3.460749008566889273e+00
1.012610417680195596e+01 -3.818917452151975311e+00
-1.193818042522263312e+00 6.699971470229705517e+00
1.234271819197325115e+01 -6.730665811097381379e+00
7.482321325563837888e+00 1.372078466037534383e+01
-6.563037300254231710e+00 -1.476192803367570860e+01
-9.564353566846527599e+00 1.373761289003902419e+01
-3.333529720727108625e+00 -1.275779091747274663e+00
4.440973754929881778e+00 -2.705311917317862580e+00
-1.575543193320471325e+01 1.762424435119207544e+00
-5.541240734745258578e-01 -1.219267897572367687e+01
-1.115973082839751029e+01 1.028863196065150021e+01
-5.679505728556430100e+00 7.803588412625618531e+00
1.583090486198879887e+01 8.139475924844497001e-01
-1.546199022908417575e+01 -1.557689531245978642e+00
-2.654242235736958833e+00 -1.368483431398901828e+01
1.282906705569288874e+00 -9.827281111687167225e+00
1.054541451166386423e+01 1.032485920690889003e+01
1.498664671176470620e+01 -2.101018759363336486e+00
-6.658464842835787323e+00 -1.311106508424594352e+01
5.376168715856401548e+00 1.115158548413165818e+01
1.135539521755556791e+01 -4.880911852443947652e+00
2.189494643701728194e-01 1.325854689833150957e+01
-3.710123223272484339e+00 5.556864821005476074e+00
3.032877808089224914e+00 -6.580863019067464847e+00
-8.022855246290102826e+00 -6.723336168392787471e+00
-9.874941174292025892e+00 6.137664639999719896e+00
4.568255592387860275e+00 -1.138266219519618616e+01
1.230048005896770036e+01 6.856053180998380014e+00
-4.496220834347509410e+00 4.240224303262035477e+00
7.659634411808237786e+00 9.696027548933695783e+00
-1.204678323887510061e+00 -8.099944323692550796e+00
-2.272792172894785523e+00 1.602808444106618424e+01
1.295401760499402144e+01 9.582652636958350456e+00
2.956180112642385893e+00 1.285800656876104497e+01
-6.364069485557434902e+00 -6.059655566675568039e+00
9.092878834088153894e-01 -1.529082880032505898e+01
5.231674303109066670e+00 1.428135730819613869e+01
-3.567649518522902241e+00 -6.512803339155603055e+00
6.629028739957963268e+00 7.244515795759131294e+00
-5.449759393150641174e+00 -3.363089917898115289e+00
-1.362558581507592770e+01 2.951780637022224596e+00
-5.982685441036885265e+00 -1.652725601293413504e+00
2.020788211625863084e+00 1.577958489436340983e+00
3.546129142010116198e+00 9.107738006962371458e-01
-5.998914864503193556e+00 1.270698003310467072e+01
5.818144714364237302e-02 -4.835877891600745215e+00
-7.270057127359631721e+00 -1.157871217100536043e+01
-1.173327689247192396e+01 5.778856088831318516e+00
6.227709059988448814e-01 -6.483943427392837577e-01
-1.254585796581526402e+01 -1.965188725099968892e+00
1.950089695444333415e+00 9.154166822023672268e+00
-3.513954520896064082e+00 -1.168691784811311507e+01
-3.230898739801270736e+00 -9.831824286231949372e+00
-9.921867919214125919e+00 1.225865300653605416e+01
-3.736192012034472043e+00 -2.933575204442165685e+00
1.623847314197380598e+01 -3.769354035123035018e+00
-4.460618224440286994e+00 1.737648670119529726e+00
2.915534111111210080e+00 -9.985366495193806813e+00
-1.086671532508132643e+01 -9.943631239897623431e+00
5.160947732053376313e+00 -1.571418587886707385e+01
1.342031601672910668e+01 -3.093036866123251016e+00
9.276957185231989200e+00 4.830460712970385373e+00
3.043748035429381105e+00 -3.486895002964280010e+00
-6.045208299319448031e+00 4.475515932858080248e+00
1.216316719066734819e+01 1.532912502458920301e+00
-4.703465740954476004e+00 -1.542439899106769197e+01
-8.501204299302289158e+00 9.659518955405534513e+00
3.954184358455279380e-01 9.153271821578183420e+00
-1.188951730801242945e+00 1.032266883988008033e+01
1.097799378308651796e+01 -5.806705713805939695e-01
1.138109694171184927e+01 -1.113832029713531568e+01
-1.187895272209499353e+01 7.005622948627205915e-01
-1.131013191584479571e+01 -5.254085740218803480e+00
-1.972616757213986105e+00 -4.203576696727925111e+00
-3.409451250114990728e+00 1.329602185644742818e+01
1.102027063175295751e+00 5.771246501801599038e+00
-2.973818867188148474e+00 -1.607686911963553200e+01
-1.494927714510721373e+01 -5.503856879669026370e+00
-4.447102594596232805e+00 9.126623865854892159e+00
1.392977720680391229e+01 2.975728334123246555e-01
-1.284354334587537494e+01 -6.751437825390439684e+00
-1.350276342076842262e+01 6.920295571713772631e-01
9.639507021286640054e+00 -8.640858034797286535e+00
4.108431904341607321e+00 8.231665930013463139e+00
7.056459676970632700e+00 1.228226745459170033e+01
8.928780631025642123e+00 1.277336208449265342e+01
1.531192201410927112e+01 -6.050629295485663306e-01
-2.098508377740891717e+00 2.258255582339003809e-01
-1.197984464257855031e+01 3.715117106317475049e+00
-5.088776676312125602e+00 1.470792255581922348e+01
5.519237691560192616e+00 -6.707075536583653630e+00
-1.394769485790770602e+01 -8.349460277818696596e+00
7.122746779091116309e+00 -9.349997381863818902e+00
1.150378747857445205e+00 1.097284940275172715e+01
-1.277522885887879234e+01 1.020682676369706243e+01
3.021530712626887549e+00 -1.598572956903316289e+01
-7.449956960783337578e+00 6.299013675369771192e+00
-8.491258988878760405e+00 1.796397638268778962e+00
4.508848583757337991e+00 -5.336097992579642124e+00
-6.498779664629680042e+00 -9.540484736811745137e+00
1.015941186718372791e+01 7.875322185023890142e+00
-1.478952114790117989e+01 -2.988063358819085025e+00
1.765540396767931952e+00 -5.133279569069834736e+00
-6.713814501657628497e+00 2.691666242470880377e-01
1.391807274879216294e+01 4.900277433902829216e+00
9.953078164861960175e+00 2.964255752024143931e+00
6.116309658720243903e+00 5.358155747653871259e+00
4.274379708784625365e+00 3.806218638329241344e+00
-8.162149283507380559e+00 -3.224261809035112947e+00
6.827097185339638941e+00 -1.543640928401750045e+00
2.550450597570396383e+00 -1.302024593843393241e+01
-7.171176298275508287e+00 8.184767626206149060e+00
1.017208734085691901e+01 -2.226651428659449650e+00
2.694010752793680297e+00 3.281634954861061715e+00
8.584063369308562841e+00 -6.379573182160422462e+00
1.492287391222513548e+01 2.226655879608923527e+00
1.433114269348780567e+01 -4.315268564077088698e+00
-9.847777669675032541e+00 -7.236340319229455531e+00
1.112277279153548903e+00 -1.378016632064903391e+01
8.182467183553086443e+00 -2.899537578185004350e+00
-9.942975661533830944e+00 -1.149672377811029911e+01
-9.483956130467005252e+00 -1.199527546934245237e+00
-1.084191294334015510e+00 -1.391738646970281579e+01
-7.878388233741624447e-01 -1.244745891392916803e+00
1.290557349872299042e+01 -4.993846373632052860e+00
1.496998518560656066e+01 -6.819484252380604516e+00
-2.368780517276578124e+00 4.129863601511448934e+00
7.270538024449127334e+00 -7.564999401451037997e+00
-1.310098595999107829e+00 1.372626343812109440e+01
-2.771079852332585247e+00 8.783655285676083224e+00
3.929073606443004962e+00 6.462456644376938897e+00
5.991716429373795449e+00 -1.279656793569512274e+01
-5.691746975425692412e+00 -1.120585786362396519e+01
-2.092422503936314016e+00 -1.093299559709156021e+01
-1.085919148393603351e+01 2.059420531576108715e+00
6.148274408215197440e+00 -4.661822976646940120e+00
2.456982852756464553e+00 -8.544684313350677130e+00
-4.620258432364597212e+00 -8.809434104868332227e+00
-1.828018951457314856e+00 2.427771562340428346e+00
-5.024408480419069178e-01 1.501533929320829230e+01
-6.828831706326667472e+00 2.581055214969662615e+00
-9.860363034389102666e+00 8.669442489944643171e+00
-1.124867333699697980e+01 -3.078710336793012203e+00
-1.402675758012804685e+01 4.523653552253808385e+00
-8.328492006731478270e+00 -1.017824286590429139e+01
1.285955906350853439e+01 3.695073751110122373e+00
2.535399599984877739e-01 2.206361166622020420e+00
-1.106547018770871560e+01 7.720101822728491214e+00
1.140303139240611330e+00 1.590838677159303671e+01
1.029891615335795763e+01 -1.233021606773514378e+01
-4.276978245019366298e+00 -1.331002252292919508e+01
-1.254853972308655585e+00 -5.609151247603561430e+00
6.530929093148202469e+00 -1.466006044895133265e+01
-4.413302847576694887e+00 6.884056052322939934e+00
1.213486011639429663e+01 -2.136703710755341490e+00
-1.145104638437270950e+00 -1.667294778800502186e+01
6.915783110912958165e+00 3.332754935181192479e-01
-1.651714143194796236e+01 -2.684740649547805447e-01
6.017214100345988470e+00 -3.014590382611050501e+00
-7.940203302067001090e+00 4.030955847996256836e+00
-7.884422099622607760e+00 -8.638458490738734952e+00
2.243300864349208723e+00 -3.475844773561611589e-01
-1.434586817638203016e+01 7.022139040257187048e+00
1.223951630642335786e+01 5.330378595610362424e+00
-3.909222700445834420e+00 -4.457727311479263932e+00
8.310913694057699530e+00 6.533157382707987182e+00
-8.857685306758721566e+00 7.447402683759793973e+00
1.122600273903469770e+01 -9.330975895975864631e+00
-7.869595655108827970e+00 -4.987850419926781242e+00
1.462081566880419103e+01 8.114755025544813094e+00
1.271862360628133359e+01 -1.039924934922563438e+01
1.022593037576405806e+01 1.267075859541240135e+00
-7.440524133370704618e+00 1.198273212586043712e+01
7.996357242498074669e+00 2.969870352699981453e+00
9.324684690739523774e+00 -1.019459023976616230e+01
-1.085631291334191673e+00 8.786683214724618551e+00
8.098552703289726651e+00 -1.414430092854819421e+01
1.672322638490001623e+00 7.316429130155228222e+00
-1.019483787220091742e+01 5.045970720502985785e-01
-1.585331775733729387e+01 3.319416687378875963e+00
-1.279128074061820541e+01 -9.625540236577723618e+00
5.649774380795960838e+00 9.267275767615135607e+00
8.100320771438447309e+00 -4.555854362005366198e+00
-3.210050691061960393e+00 1.128065669699057239e+01
-1.173563862850169670e+01 -1.132964256549206006e+01
-8.694363998578182873e-01 1.186195594429182520e+01
1.006275792716586182e+00 3.894988406875210529e+00
8.679688379095377826e+00 1.088175373318632211e+01
-9.794421338518386477e+00 -1.351406208853656565e+01
4.981491953707834597e+00 -9.469008164262788796e-01
1.129360314345709426e+01 1.175197073948310944e+01
-1.200364231176397034e+01 -8.160227672508341357e+00
3.454974351103892616e+00 -1.399990021289674758e+00
9.426958287590835539e+00 9.289224175243298021e+00
-5.863383761387767734e+00 6.020672439541453258e+00
1.020574553023234898e+01 6.157194767545746572e+00
-9.646518338622527722e+00 -4.942016191374905887e+00
1.641830120323342612e+01 3.296537647902248125e+00
-5.247254544702082413e+00 -7.077249377602740310e+00
-6.744108868883596841e+00 1.502718054499943889e+01
1.658723146589566966e+01 -1.520274484716958696e+00
-3.385504254677584868e-01 -2.779611344356906599e+00
-3.697263436337278719e+00 1.531041224975270865e+01
-3.088244826296079992e+00 -7.989450255586941552e+00
-2.879231309122971538e-01 -1.043574415315908510e+01
1.001567685509290229e+01 -7.042395679372223327e+00
6.463895316115696232e+00 1.517675652367915262e+01
-3.345330501089556208e-01 5.278931190898472181e+00
4.887414277204843671e+00 2.323565759849849144e+00
-2.225620429846273396e-01 1.666280038085510995e+01
-1.543966964968101152e+01 5.202263252706007535e+00
-4.642105002698871274e+00 -4.616087224621310270e-01
6.054923520845619578e+00 -1.066273647109009381e+01
9.567072439484718416e-01 -1.190993584292080953e+01
3.709597842180084371e+00 1.146948440153272841e+01
4.578979639482245290e+00 1.289968179709913088e+01
4.512616688615601390e+00 -7.857652715568750779e+00
1.098020983769886527e+01 4.073781571069897467e+00
6.085135289242568746e+00 3.652357144958532587e+00
-1.647809245673886380e+01 -2.986427612463419479e+00
-1.151380832870852089e+01 -8.630501535568662064e-01
1.552583566632806367e+01 4.709365091029500405e+00
5.096977022870099461e+00 6.376725559459295312e-01
-8.289017457799157995e+00 -1.277295017164318480e+01
-4.931727042669109551e-01 5.702029472132501553e-01
1.709657490397948010e+00 1.437638921522176716e+01
-9.727714859006358239e+00 -2.951083066952385536e+00
-2.630075548178774980e+00 7.197398127523921829e+00
8.334795129049169304e+00 -1.100903397770082393e+00
1.182051775557157569e+01 8.287783088141200238e+00
-7.603304410226119359e+00 -1.485272077253927847e+00
8.419744777289871251e+00 8.134763903152620657e+00
-9.544790377459019481e+00 -8.775465764551070080e+00
2.823117960740802346e+00 5.322349031874939129e+00
1.262421763495395055e+01 -6.325900183711397062e-01
7.759545252802823256e+00 4.810435180465372440e+00
-1.392276907724670210e+01 -1.258118675444283241e+00
3.316925260940966069e+00 9.969026817824826026e+00
