# Antenna elements layout
# Station label: stn.273.S1-1
# Number of antennas: 256
# Station diameter: 35.00 [m]
# Antenna minimum separation: 1.50 [m]
# X[m]  Y[m]
-4.158741528365691664e+00 4.006457662049221824e+00
-4.067055613075629239e+00 -1.579208040006086833e+01
-1.503104924313371171e+01 -1.755381600012315246e+00
-1.182741879604477475e+01 -3.090312887769687933e+00
9.691764587231652683e-01 -1.172730823229401054e+01
7.448803081414922644e+00 -1.196217309853150823e+01
6.339515254567000824e+00 1.094270463227770662e+01
-1.138537580359688661e+00 1.475471806855279766e+01
-2.589970507679815626e+00 -5.930663472346802578e+00
3.223394683025730956e-01 -1.543673139979357600e+01
-6.723079067733788605e+00 -1.065523039618697432e+01
-8.694886170866992003e+00 9.243348653467268861e+00
-9.703520971812551466e-01 9.576108211892201183e+00
5.338206653468333229e+00 -1.190777485181933315e+01
1.041227162313420607e+01 4.063360670369924321e+00
8.971170138287593687e+00 1.248586600908950928e+01
-9.435833303662437999e+00 -4.774450616103703027e+00
9.034419589068551915e+00 -1.044653240587108023e+01
-2.744974751746273256e+00 1.491009484095302184e+01
-1.615045888798929141e+01 1.990023339214211262e+00
-3.751088405815487192e+00 1.228460484283062470e+01
1.611443066378311073e+01 4.567371601803653647e+00
-3.278486871946048709e+00 -1.223501480787585294e+01
1.661485506222243203e+01 -1.849988386397251716e+00
-5.598168178710835718e+00 -8.915608633116347548e+00
-9.040176854757930869e-01 -3.202385368510064723e+00
-1.225000054665050442e+01 2.635909374523262017e+00
-1.383581280441094208e+01 -8.975847084252503549e+00
-1.251131948000195848e+01 -1.003588983916812971e+01
-7.043044107669558684e+00 9.690170053431618413e+00
-4.899040756116411544e+00 2.699050908992870035e+00
-1.471427974007219852e+01 -7.033726683241010136e+00
5.773861818420009229e+00 1.453649250413648986e+01
-1.282883000299341170e+01 6.098489834358353789e+00
-2.157979871395294680e+00 8.433271763544620825e+00
1.000381993995205221e-01 1.244337098026155175e+01
3.437174190623032644e+00 3.446228745722379472e-02
-4.960714110090087559e-01 -1.333854892267059000e+00
5.528104276101927894e+00 -8.296791973554309862e+00
-2.357060283924820254e+00 -9.878050783068829332e+00
-6.829701120406564741e+00 -1.527905150440203030e+01
2.488929423573072341e+00 1.251333143987370988e+01
1.072182193875396194e+01 8.448935545370755307e+00
4.428955334831314872e-01 -9.410965005223083324e+00
1.381991547016483679e+01 1.164452404956421105e+00
-5.751665343226664007e+00 -6.938044648166195927e+00
3.576989592897209747e+00 4.438462977523794706e+00
-7.233285908954872667e+00 4.894818018355216793e+00
-5.166709099754246637e+00 7.560069199294204623e+00
2.670068281837743029e-01 3.681008420196949515e+00
-5.276774888735822344e-01 2.130984967898577054e+00
-8.538196257326188032e+00 3.778886813383124377e-01
1.986123551552143596e+00 1.463787256773326106e+01
2.840077492614611288e+00 -5.709700401272005621e+00
-9.204321093848260915e+00 -8.703095794095842663e+00
-6.422080620513501259e+00 -5.147019716733097994e+00
-1.432266438838480482e+01 -3.256452784512662291e+00
-2.064256232197244856e+00 5.411495225368021522e+00
1.419981625657524660e+01 -4.004402244914428977e+00
-7.896784337439013868e+00 -1.240060784468916566e+01
7.821638232592437845e+00 6.679928162681679993e+00
5.363458226363565728e+00 -8.842649439340348749e-01
-9.432651584977149284e+00 2.948483986993860384e+00
1.126835016084183749e+01 -9.057594857713246128e+00
-4.453440706673713834e+00 5.568251422767144021e+00
1.094643547127217786e+01 -2.560579661612997882e+00
-4.857850572177836668e+00 1.076236380947469229e+01
1.635056251423777240e+01 4.573233282357129781e-01
1.477882054719997029e+01 -7.180626207965637775e+00
1.185533812650700725e+01 -6.688208662161002849e+00
-3.149993445664620140e+00 -3.618027097551737015e+00
-2.038113622141622727e+00 1.656862870455997694e+01
-1.139267324968662720e+01 7.033961842267817843e+00
-1.486629721685748962e+01 3.801409887247796604e+00
-8.236281843796239954e+00 6.100522417168054545e+00
6.564177258200718512e+00 -2.030520559960054428e+00
9.608068368512274304e+00 -8.422382875263497937e+00
4.624519609110301133e+00 1.015676431150303927e+00
6.579419441278105296e+00 4.700822383958247030e+00
-1.607017969535773361e+00 -1.301878084098649957e+01
4.925963625117660172e+00 -4.240817342314068483e+00
1.206037098698356758e+01 6.904376536620862481e+00
5.804083694535766114e+00 9.336404628560881491e+00
8.908344204218451523e+00 -1.695372665835533255e+00
-1.414492172991103125e+01 8.435643624627726211e+00
-1.102381903899933491e+01 -9.456448469604373130e+00
1.173254150246876293e+01 5.363454889550993698e-01
-1.307301339743549384e+01 -2.167224352643351892e+00
1.390427972512558341e+00 -5.181370938767653200e+00
-7.443589172838445123e+00 -6.672158291196410573e-01
5.922505318833827914e+00 2.371641588102235687e+00
3.406985247472036349e+00 -1.215113162211105191e+01
1.061023826687333127e+01 -1.101018415441479092e+01
1.102420318248402253e+01 2.163216134664097012e+00
7.645404170399000776e+00 -3.450239280064893777e+00
4.228782413602345969e+00 8.445217896907752930e+00
-3.650307754065629240e-01 7.590927284099073802e+00
8.097421370334917157e+00 -7.093358711550310503e+00
-3.713763582526414808e+00 -1.433047992875956922e+01
2.024017418584673322e+00 6.975025314546190458e+00
5.369311676914620080e+00 6.134886634100059410e+00
1.016911037881808255e+01 -4.954852864081907171e+00
-6.775681629939375838e+00 -2.457792560427357387e+00
-6.318816503602548096e+00 1.533942556034464388e+00
1.526256969070127667e+01 -2.767791424805594147e+00
1.036661641357553520e+01 1.032633683372842270e+01
1.479792355186970809e+01 2.308640879453776051e+00
-1.433396374929825612e+01 5.303226305834591869e+00
-1.321786384207306853e+01 -3.861744795467458857e-02
1.305829290645882779e+01 -2.635882503104099328e+00
-2.408435041828482781e-01 -7.474484900966045231e+00
-1.408631371854701797e+01 1.741623780887490369e+00
1.350342646543426284e+01 8.973514248105860958e+00
9.298183201952426202e+00 9.058792660375551975e+00
-8.420657267599684914e+00 -1.087655408730396367e+01
-1.384492401876293854e+01 -5.519364810104008257e+00
6.640044250033483308e+00 -1.372146453800223753e+01
-2.612930926524009934e+00 1.921452413358291977e+00
-9.932630405367357085e+00 5.586890865565646180e+00
2.646552125287087165e-01 2.190364658827448352e-02
-8.323905430438413688e+00 1.399391400147191433e+01
-1.177158499398353442e+01 4.130130041240292371e+00
1.352155435758912816e+01 -9.466237686821699526e+00
8.011493326848633245e+00 7.147490892947061525e-01
1.028731723739781501e+00 1.596212124553418477e+01
-4.109338235024750929e+00 -8.177610485019791042e+00
1.428896056722989627e+01 4.022014951356268853e+00
1.765241478662872510e+00 -1.344804460844119909e+01
-8.701696163687330454e+00 1.133889835369389942e+01
-1.268376718849362561e+01 1.061878364732027791e+01
-9.593315716634009505e+00 -1.022409989451578127e+00
-6.819201455107421594e+00 -8.028474547487952862e+00
-1.126955355182790797e+01 -2.751531204695254473e-01
-1.544987730668663772e+01 -4.369534444864820344e+00
2.311922260383063588e+00 -1.565247775879316450e+01
-4.690755529591468687e+00 -4.472874378097131398e-01
-2.442454303685124728e+00 -1.581427155739056900e+01
-1.213127117315125147e+01 -5.763009382175805939e+00
1.147878198122975846e+01 -4.119098598111902376e+00
8.414762982090174148e+00 1.028198153966204131e+01
-7.443659437180565774e+00 7.548777874522009768e+00
3.688033820102994298e+00 1.481445482094126476e+01
2.441427419673921406e+00 1.744042665509510925e+00
-5.364548556577659610e+00 -1.340094074978397209e+01
9.000934119422456803e+00 3.085890651633615533e+00
3.914535893781756926e+00 -9.362388687473575999e+00
-1.076260731811285609e+01 1.280386655037098365e+00
7.532625478234638905e+00 -9.719875356999143179e+00
-4.081943917654113463e+00 9.225386129982833694e+00
-7.253881570694261427e+00 3.252997426386531998e+00
-9.050102948511918655e+00 -7.167648053282338338e+00
4.438988543248743923e+00 -1.414877500764715990e+01
3.803414345055863066e+00 1.117874333339988979e+01
1.005620216058481731e+01 -1.282202439540382954e+01
1.191822302750929552e+01 3.983456902058492233e+00
-7.545932538158684366e+00 1.269528015851187774e+01
3.386597009625056387e-01 6.131844413225838508e+00
6.210130548125079031e-01 1.052461628565650642e+01
-2.172559030835754967e+00 1.082553327188839987e+01
-2.333085763280283942e+00 -8.152510347089361176e-01
-2.171777550830531922e+00 1.240103958008082685e+01
-4.150780494881436411e+00 1.581407094911619282e+01
1.201155066112686853e+00 8.234145512332045058e+00
2.912277527320110693e+00 9.793763090832250384e+00
5.461335282158284343e+00 -6.494039242071986351e+00
7.357453944296327819e+00 1.453377278220733615e+01
2.161037253635431199e+00 -1.225119331365171149e+00
2.279027682803235422e+00 -8.752114326006156020e+00
-9.521847174380134504e+00 -3.079660025086061736e+00
1.164066470751630078e+01 1.151285009246969082e+01
-1.726159745186066630e+00 6.916659557469131414e-01
9.614773203722965178e+00 2.652776728748911239e-01
5.058784945356066487e+00 3.698629791383243770e+00
-5.288745907151755077e+00 -1.916683554776978937e+00
-4.089013971819102977e+00 -6.317042349862122208e+00
8.362610789953048851e+00 -5.111798441106516933e+00
-8.726695545572798807e+00 4.560203440366386474e+00
5.085770596915232034e+00 1.274677034021793887e+01
-1.100423353459953901e+01 -6.919516654459808791e+00
-2.638099607276952696e+00 -7.507567165031803214e+00
-1.100275544446772180e+01 1.019696005671982775e+01
-9.483386601475434219e+00 -1.314150489820034906e+01
1.479301368333423028e+01 6.732122767123037477e+00
9.552785134098780162e+00 7.167092887937805301e+00
-5.386662447035490686e+00 1.485776661903199880e+01
-1.119494847740748433e+01 -1.207954605166125361e+01
1.357826911115899549e+01 5.431831655311896156e+00
4.370355568384411526e+00 -2.795668977845537029e+00
-1.166423420712107983e+01 1.185539704235363345e+01
-2.669212081364733535e-01 -5.694741278003233376e+00
-5.858037588420469177e+00 -3.680166570698304440e+00
-9.772204039619001747e+00 7.178498659956993322e+00
-2.880074426875651739e-01 -1.079877764160429088e+01
1.201354820227889419e+01 1.005552516125431239e+01
1.210848330847034049e+01 -1.062119094915516015e+01
-1.254760809364741903e+01 9.092373850568954197e+00
-5.085652139718868980e+00 -1.067594374426961323e+01
1.507954849110589635e+01 -4.025512047216111000e-01
9.195020392975671086e+00 -3.430350896525988347e+00
8.149898152178391086e+00 -1.368400519651203240e+01
-9.995315792641685348e+00 1.260943636555533587e+01
-5.791269233174865860e+00 1.295704265759000506e+01
3.082083281661386565e+00 -3.884742908020001551e+00
3.044683421836360537e-01 1.404659272797044167e+01
8.575291240503144508e+00 4.979011003615813280e+00
1.291485369739779188e+01 -7.950500575232446465e-01
1.581507641213126192e+01 -4.544532381280887989e+00
-1.234095536868285592e+01 -7.723122595099159327e+00
-1.586496329326934074e+00 -4.708646616901331683e+00
1.982748879964795208e-01 -1.308240826606398244e+01
-1.310176673444453854e+01 -4.178677528112388018e+00
7.514544485201525958e+00 -8.588510331885466087e-01
-1.662563615867081168e+01 -2.184061208429852741e-01
-1.589511720676972217e+00 3.191530465641307046e+00
1.347698864143266206e+01 -6.117466713317481819e+00
1.254436115358100068e+00 -7.303588190566298266e+00
4.038616150067106503e+00 -7.266872643447067404e+00
4.180694606225689114e+00 -1.590758216528593216e+01
-7.127778661418625816e+00 1.515252155339770468e+01
1.557579473793449409e+00 -3.496401508009942205e+00
2.001685455769621313e+00 -1.026204421933201161e+01
1.027046668693571263e+01 -6.452873510358404729e+00
1.080375584829983993e+01 5.663979557409781762e+00
-3.243410177520352988e+00 7.363871666369853131e+00
7.713109010087585204e+00 8.663508497054003499e+00
-3.493118158481973268e+00 -1.852890089622270864e+00
6.879654302030097313e+00 -5.777186833068475025e+00
1.310349455655695650e+01 2.620787622220962731e+00
-5.830881149745223979e-01 1.617721719031826666e+01
-7.524849446355078797e+00 -6.329241304004947111e+00
-6.738668625087452568e+00 1.120936531897145372e+01
7.356899989107240856e+00 1.221509877712190928e+01
-4.579901063748973655e+00 1.100279467598991090e+00
-8.274507643353416597e+00 1.857675153681107361e+00
-1.095196031929041069e+01 8.504241282125171608e+00
-7.658298378790837191e+00 -4.190830762322383052e+00
1.685267521202924001e+00 4.467044266149372334e+00
-1.106455229090513193e+01 -4.588455553297023926e+00
6.370352133321208754e+00 -1.072384383796314111e+01
7.214498612020637580e+00 3.205551976950484772e+00
-1.507241043426637006e+01 3.825271177059725858e-01
-1.007667257810759764e+01 -1.102365755636509093e+01
6.509459401961095182e+00 -1.537799824129927195e+01
-4.643140601891666108e+00 -4.844179152962576396e+00
6.399650846136214710e+00 7.857275241199069171e+00
6.159328306000681152e+00 4.523384744444314265e-01
3.656443043775698953e+00 6.657761924836766099e+00
2.985168303099321463e+00 1.641047581200892580e+01
-1.488710373423450761e+01 6.932626749797801580e+00
1.252349552295628499e+01 -8.200921842007955931e+00
-9.987944102460524221e-01 -1.651532316884217977e+01
-1.023232802315526158e+00 -9.062666679288192029e+00
1.649864217955821744e+01 2.611319049624270860e+00
3.577572174860403464e+00 2.742826876633660760e+00
-5.930109771304440613e+00 6.060101645341323007e+00
1.051968172957783310e+01 1.271450211923836449e+01
