# Antenna elements layout
# Station label: stn.311.E7-3
# Number of antennas: 256
# Station diameter: 35.00 [m]
# Antenna minimum separation: 1.50 [m]
# X[m]  Y[m]
1.401385029689688722e+01 -4.221813971223763673e+00
5.413120276211060400e+00 2.511771921941779340e+00
1.640844673414985522e+00 -4.012598233003048520e+00
1.005367986546717418e+01 1.461066998904325231e+00
4.077742738811323875e+00 7.756192548540674636e-01
6.013549432355073776e+00 -9.020280009242624075e+00
-1.492626614372454696e+00 8.443768710053525695e+00
3.402070596863470797e+00 1.084573674889935901e+01
-1.228785108419558014e+01 -3.780350876005341476e+00
6.540529311563076931e-01 6.586018190368143621e+00
6.820085159987694823e+00 1.165229292520020010e+01
1.141476283208142917e+01 -4.221761095612656334e+00
-1.444331047793246370e+01 -2.458891307019340999e+00
-4.991730163077509275e+00 4.081825746522358855e+00
-6.556738214929936248e+00 -1.282769651673550015e+01
-2.773738394993948475e+00 -1.491759508441295523e+01
4.338470029360756541e+00 1.363804715629573039e+01
-3.073828151501279748e+00 -3.103277237534790345e+00
-1.227346843171335422e+01 1.583730116232541008e+00
-9.352047121823176212e+00 6.134364335335540375e-01
-1.057288802500916880e+01 4.447306162480494152e+00
-5.015273600023494538e+00 1.567013387718188255e+01
-6.016335187142530572e+00 -1.092427619614095846e+00
1.393421803160919126e-01 1.571564484053410382e+01
6.107897016082592501e+00 2.349601128385536697e-01
1.168202854109108202e+01 3.418318906398102541e+00
-7.422501300807930136e+00 -1.439187760760007961e+01
-9.002871459186113867e+00 1.130157601557783309e+01
3.246912929346297716e+00 -8.659007275280892202e-01
8.153261727017167004e-01 -1.353372664278355231e+01
-7.580624328635206410e+00 4.730211976285342956e+00
7.030100811179700315e+00 1.434717326132684434e+01
1.398410460956118939e+01 -1.559774838605166636e+00
-1.452413569455966069e+01 1.138026964490961745e+00
-9.065421835211466828e+00 -7.828053916398623358e+00
-6.758921253429033271e+00 1.209816895614325105e+01
2.286020883005580373e+00 8.788868802678347691e+00
1.141241413802035254e+00 1.100094411149418505e+01
1.479532293347880056e+00 2.820926744323600133e+00
-1.142932901587958483e+01 -1.271797396564554816e+00
-9.598406857994028485e+00 -5.638600008646768913e+00
-9.353789132233629289e+00 9.801344056394704296e+00
1.493375765511649433e+01 -2.802603243106595698e+00
1.470931267827177180e+01 9.372745430528226507e-01
-1.430574498548268814e+01 -6.072834680467959600e+00
2.311292021217568049e+00 1.548855195262260764e+01
7.074969849748395490e+00 8.435131141179816439e+00
1.260644265500011940e+01 7.572766223181041312e+00
-1.406468596633812851e+01 -8.414499404673088989e+00
-4.167038039818455886e+00 -1.012433138870339988e+01
-1.340549559404970026e+01 6.436988020289966528e+00
-7.810595174399296070e+00 -9.274104391816401005e+00
-4.704240252379161547e+00 9.491166683581631958e+00
-6.350111041707611648e+00 -4.961999848607822727e+00
1.122584139638471257e+01 5.793186814736571932e+00
-8.573655735082105878e+00 8.178416911648426435e+00
8.405532625644376310e+00 -2.426509498367002138e+00
2.625856797461771919e-01 -4.719196363404858374e+00
1.365524468079564713e+01 5.534333143120583998e+00
9.901635868133446650e+00 -8.360317481360894476e+00
2.700717844574189286e+00 -1.079245310287171833e+01
-7.154261669123508582e+00 2.534628229824473777e+00
7.013872051022545406e+00 4.365724409663918948e+00
-1.187729284916553318e+01 7.716871535610092536e+00
7.351990136530957898e+00 -4.166437836671327943e+00
-2.400172388553793112e+00 -9.460618779546987156e+00
-1.300621082202741974e+00 1.148009561815185009e+01
8.229923839156548127e+00 5.987833163922253732e+00
1.232702701082447660e+01 -9.156042085929856356e+00
1.016011606584644511e+01 -1.006125242819838306e+01
-1.564667495326383495e+01 2.515553142124790753e+00
-4.801199136767044351e+00 -1.604462007001753321e+01
1.071467934202292938e+01 -1.183241627664607165e+00
5.412056142042622753e-01 8.562126082290639317e+00
-2.267332355824454027e+00 -6.752685405719134337e+00
-2.917501089201421038e+00 -4.669460568843962989e+00
5.245811251725278623e+00 1.493436456800306900e+01
-2.961096859122601899e+00 7.058690409239730457e+00
-1.163113033184980338e+01 -5.597503583140854388e+00
1.887053831533936687e+00 5.601229516571606837e+00
-1.012830905589879649e+01 6.803785568112914461e+00
-1.049047360637427317e+00 5.584256967916552128e+00
-1.515830832525725214e+01 5.276478333606675619e+00
5.305107697846267456e-01 -2.375721651378222887e+00
-9.799147589271521852e+00 -1.297972450670437539e+01
-8.676957372834007032e+00 1.416791030950569663e+01
-4.697290368242267533e+00 -1.321838867381121396e+01
1.212300854510974801e+01 1.109401843216487293e+01
1.007507403495054987e+01 -1.242902780923104089e+01
-1.295446271796453708e+01 -2.174464408209249910e+00
-6.252126138424998203e-01 2.953248435302430863e+00
9.880296788706754540e+00 -4.723114641072182707e+00
3.554438741863418016e+00 -1.318688039310117333e+01
-4.178360788345759858e+00 7.382797118529076386e-01
-5.526539893345091770e+00 7.140640434666110536e+00
-1.125790538660243811e+01 -9.109832662803610148e+00
-9.079212566149422514e+00 5.060145810164009106e+00
4.215987739763022546e+00 4.321478218673568961e+00
1.427264518874659061e+01 -7.411836970641671130e+00
1.540287450853350748e+01 4.935504389237856060e+00
2.501628933826097523e+00 -7.971940213849386225e+00
2.428255624591777462e+00 7.289220086214882599e-01
-1.385821338186635643e+01 8.653789736794081477e+00
-7.018077550621915961e+00 7.669368901557366058e+00
-1.274997383911471793e+01 3.527148288964568223e+00
3.891451571160310152e+00 -1.594090756067698855e+01
6.638712092973623413e+00 -6.052792514617904018e+00
5.118881276078774079e+00 1.218727491950857811e+01
4.577354754696838057e+00 6.937947855405415254e+00
1.335071222758585918e+00 1.275595905609008440e+01
-5.686500377290776953e+00 5.536940598497174904e+00
-6.995178996123206261e+00 9.317020388820392185e+00
-1.327269785012308745e+00 1.379144641907764424e+00
8.121299349814005808e+00 -3.884648471270608638e-01
-9.392960880196820739e+00 -3.482564108740669795e+00
4.407397563909707827e+00 -3.393722528129064386e+00
7.529705971339986093e-01 -1.080744488311016305e+01
1.070698001857321557e+01 8.508093067898041539e+00
7.643688571430875101e+00 2.607141045131633916e+00
9.117679134661941021e+00 1.383418212923943713e+01
-1.648714569881560621e+00 -1.609363094791669724e+00
1.624626828253400390e+01 1.102740360596346392e+00
1.405022996466730234e+01 3.712082726551983569e+00
9.554025581006918344e+00 1.033064205154083126e+01
1.237771646859123464e+01 -1.084871321555415236e+01
1.522445760169937046e+01 -5.931566880232413297e+00
-1.143812537885091274e+01 1.133325495088952550e+01
-1.392473071811461516e+01 -4.479240113167616499e+00
-1.235189204096974258e+01 -7.137729727123771184e+00
-9.458092742530086028e+00 -9.454937137605218922e+00
1.266749304045584523e+01 -2.758746725446588499e+00
-7.015839324960493784e+00 -6.860666561464952906e+00
-1.664392990000125749e+01 9.445964577478420665e-01
-2.210344844654736463e+00 3.819360338307081548e+00
-7.627060804006891459e+00 8.004110859340656248e-01
2.293836159635052496e+00 -5.453117330765786974e+00
-1.260078232462590364e+01 1.038443862005135898e+01
7.380537240339819505e+00 -1.454072283617376016e+01
-2.779885026856181440e+00 -3.677999428020974904e-01
-4.107674537709119278e+00 1.122723890192077079e+01
5.682275159347405236e-01 -6.422872717678220766e+00
-1.212185654063251405e+00 -3.394671102771278370e+00
1.199179720931067905e+01 1.654709174025342122e+00
6.190127264855856737e+00 -1.545974969587619974e+01
-8.050739629453573798e-03 6.008746058406977397e-01
-1.043559453152961325e+01 2.684806052421535583e+00
1.147807949637056169e+01 -6.695425360780063784e+00
-1.505078343658768247e+00 -1.148289637706573885e+01
1.564068307120122370e+01 2.756582396081466158e+00
-5.752860774150658330e+00 -1.037119115868527786e+01
1.573647988207858361e+01 -6.085237817174409258e-01
-1.559332305673790486e+01 -3.396475469170923134e-01
6.511413614021272167e+00 -1.279073379089580165e+01
-1.191630742677667953e+01 5.528252069036895477e+00
-7.755706161756423356e+00 -1.435187630961411998e+00
-5.239397209878479345e+00 1.291802401334251016e+01
-3.549142641527383901e+00 1.314634706478648951e+01
-8.762073028603936109e+00 3.551318586602388194e+00
-8.721498193507178698e+00 -1.100723842865487967e+01
-2.747500638939282425e+00 1.579537593902416859e+01
-9.290541793532124615e+00 1.278546587494231446e+01
4.094556024112101511e-01 -1.616742198396940111e+01
6.752729515052397602e+00 -2.675791324458865361e+00
-2.504763796100476725e+00 1.054207109329483671e+01
-3.788103006131295913e+00 -1.191074081625079728e+01
5.250032847144971981e+00 -1.373854270391618115e+00
-3.914623584358025710e-01 -8.739477517042008259e+00
-2.156328508076216011e+00 -1.316695609486506058e+01
-1.066003555345079334e+01 -1.113508048769218384e+01
3.768392452901426992e+00 2.443972161603490179e+00
9.199158138358214387e+00 3.814404482458545687e+00
1.020479994654799327e-01 4.280441478308219416e+00
-5.862184574646411406e+00 1.153959643911552035e+00
-5.804053313308424222e+00 -7.867738549452026220e+00
5.373034317539936211e+00 9.088689924613415627e+00
8.039287643090069935e+00 -1.050932578739656797e+01
1.038402195584329135e+01 1.184554740477246426e+01
-4.383223762584114169e+00 -5.760126794568202868e+00
-8.318724007351079308e-01 -1.441475006390271574e+01
7.913108789654717867e+00 9.980495544171883893e+00
8.601709724302768478e+00 7.913749811326798778e+00
-6.494681342327107032e+00 -2.794328067441002261e+00
4.410312954710949640e+00 -6.651079129469835038e+00
1.327001022260562735e+01 4.459543863676636022e-01
3.542741446787832871e+00 -9.382671586751024861e+00
-1.570165706393636285e+00 1.483246825926360657e+01
-1.255594124336955097e+01 -1.100965877614317812e+01
-7.214697744352429609e+00 -1.135258629097496197e+01
-4.999817016402090530e-01 9.776403605760069837e+00
-2.930018728478632539e+00 1.821256197204515814e+00
-1.100938882661431428e+01 5.882447822509639934e-01
-6.073242799688959082e+00 1.426791097320869994e+01
9.004324902454968083e+00 -7.025186669179747767e+00
9.711033242741610394e+00 -6.611734512187439350e-03
8.573361409046139414e+00 -1.264910301353873123e+01
9.902263479030168014e+00 6.548034778486947260e+00
5.032473873059263525e+00 -1.068429446719969533e+01
-1.368494445790590142e+01 4.961756479339946679e+00
-1.381653169536043890e+00 1.653488577605639875e+01
5.257017375767890854e+00 -5.322093141544309347e+00
-1.418246313900768563e+01 -8.937775076650495976e-01
-2.916693402748597563e+00 5.252219432085912132e+00
-4.041949095809016512e-02 1.417361950414914773e+01
5.663092274997978848e+00 5.470384092256487918e+00
7.503302446781429325e+00 -8.710093965754124312e+00
-1.593023401893439761e+01 -4.185447257366673668e+00
-1.098819179788738509e+01 -2.889438051216316694e+00
5.061568587312773815e+00 -1.382188270361826987e+01
1.293147992412478331e+01 -5.844835789850518992e+00
-6.945815958286871705e-01 -1.021469268554616860e+01
1.646966522063610938e+01 -2.950801433982737976e+00
-4.713778670505989865e+00 -2.895365396801594216e+00
1.548673282896313452e+00 -1.518260933334660834e+01
-2.775091852098370282e-01 -1.243898694778597758e+01
-1.056247397933088727e+01 -6.980448601673069575e+00
8.389397872718998173e+00 -5.510163235518806601e+00
-1.279506589004040862e+01 -2.441094043655454016e-01
3.915227102073661314e+00 1.612589605219366717e+01
2.994953218255783867e+00 -2.741916118900904920e+00
-3.571381674720097266e+00 -7.575053241591295006e+00
1.035264953947401523e+01 -2.983332506207716506e+00
1.480231670789468978e+01 7.454565110543125428e+00
8.433867396206480294e+00 1.166445261125254973e+01
-8.232620692354192471e+00 -4.835538295564917988e+00
6.567255295608035226e+00 -1.124447975010684786e+01
1.560589279606238478e+01 -4.243398891503360915e+00
-1.615264017121597462e+01 -2.668322921802186443e+00
1.698040979661087135e+00 -8.200363349367982835e-01
-5.840146001488307093e+00 -1.457410786113555901e+01
-6.200175620808371590e+00 1.068344626640674377e+01
-4.476255275744705386e+00 -1.001709910703016959e+00
-8.314682550098179803e+00 -1.256234972169555597e+01
-9.304585231356922392e+00 -1.280948811774592855e+00
1.199628836672065901e+01 9.418230135034022510e+00
-1.939858848169187411e+00 1.337053018249953951e+01
-8.019549324361596732e+00 6.274627688687534288e+00
2.525760015791266966e+00 1.400325749580286328e+01
3.133908582183121183e+00 1.250169055260516870e+01
-1.104979378766076259e+01 9.575281431756078376e+00
6.290449766180731928e+00 6.916444851721994524e+00
-3.163655907827562785e+00 8.879391674553453129e+00
1.381511830695181686e+00 -9.252504400033355836e+00
1.273947167461912855e+01 -7.547233262519302599e+00
-1.371599988700591410e+00 -1.629141444001015060e+01
-4.457406782762278752e+00 2.542034696045526232e+00
2.142614571465433215e+00 -1.250325942896471076e+01
1.205771920443453737e+01 -5.020849808705989403e-01
1.376666286058748412e+01 8.705138708852071971e+00
-1.060412762894735295e+00 -5.697419326616101287e+00
-1.450310258102999761e+01 3.557667352088007107e+00
3.059367936391119258e+00 6.612884986480629834e+00
4.675861198422680332e+00 -8.303278593898401283e+00
3.850180833729091034e+00 8.658127456922368737e+00
1.384694532244767373e+01 -8.956304037082682967e+00
5.025675803689729548e+00 1.066115654166742743e+01
8.271973456244634093e+00 1.204843413290639376e+00
