# Antenna elements layout
# Station label: stn.345.S8-1
# Number of antennas: 256
# Station diameter: 35.00 [m]
# Antenna minimum separation: 1.50 [m]
# X[m]  Y[m]
2.589985333205913065e+00 1.531336165819724471e+01
-7.683701939092880906e+00 -9.983864884065802414e+00
1.011873679693291805e+01 -1.137608898553461145e+01
8.179005207651542264e+00 3.982572608757308785e+00
-1.106389468924120578e+01 4.516044653122659014e+00
9.992579300572820955e+00 1.193532972738897513e+01
1.023239718255405606e+01 -5.090387080586417312e+00
4.341841509615573358e+00 -1.195197080180351534e+01
-1.078018875063644089e+01 -1.045287490934724417e+01
-3.013949978022454346e+00 3.954103991413408181e+00
-9.430767314634458387e-01 -7.941762269767949078e+00
-8.925930474435872952e+00 1.385258212945027267e+01
7.798923158848690917e+00 -2.282140706816429443e+00
6.153150369641544160e+00 -8.117213657224628065e+00
-4.970049538411922541e+00 5.649058534768013118e+00
-2.929029672449644295e+00 8.163953622715332870e+00
-4.727655030702925032e+00 2.016153298131179383e+00
5.833074096445976409e+00 -3.904021188067511972e+00
2.939611408891185107e+00 2.954203045250757498e+00
1.471490935869240246e+01 4.916999252392432851e+00
-5.871445190021724159e+00 -1.472270898583057530e+01
-1.255085852216826225e+00 1.601928635077099727e+01
1.259432519971475983e+00 -9.502083256129740363e+00
7.741488321780796156e+00 1.236682037960326497e+01
2.562041085742556845e+00 -1.652526857492442147e+01
-5.034681007766399929e+00 -1.175220749546837951e+01
7.167638919205163717e+00 -5.762954390220794920e+00
5.079989286393740144e-01 -1.449833340175130303e+01
-8.618770824963206678e-01 1.165941428904062604e-01
-7.741581022605005913e+00 -2.625812077431120883e+00
1.350607191019592079e+01 6.449300427875709119e+00
-5.660045798709724352e+00 1.104033018320583537e+01
3.111831540721180289e+00 1.283539762918353944e+01
6.703956552603429486e-02 4.417685632346046276e+00
6.772619144742471065e-01 1.752536291074946462e+00
8.883338682621122473e-01 1.551127204957421668e+01
-2.501611589974240601e+00 -7.848006421049831260e-01
-5.471158499641182615e+00 -5.724798539920058715e+00
-7.229904609375349622e+00 -9.570591786596764905e-01
3.177983890334701300e-02 -1.177872691836963881e+01
-4.707343287819117705e+00 -8.792284594778937645e+00
9.114880773809275638e+00 7.293779111750353650e-01
4.306426748359168499e+00 8.193516640414788554e+00
2.589112602130278162e+00 1.060163007092954146e+01
1.285684038657375083e+01 -4.628869555457384877e+00
-1.456783192858502751e+01 7.359989455799606617e+00
-1.596509724068827651e+01 -3.178734220082342077e+00
2.354431923537273263e+00 6.433610788735109054e-01
4.843959745938331451e+00 -1.421457732462184254e+01
-9.907070412378196522e+00 7.357505919599908850e+00
3.899659099757684544e+00 -5.131573401379917243e+00
8.053973686720603098e+00 6.645882119342182648e+00
-1.226341345739109379e+01 -1.559939670941357548e+00
-7.702074438060874328e+00 9.593092703679978683e+00
-1.026841670683413810e+00 -5.488725058459070993e+00
8.578965747589606394e-01 -7.961247686831420367e+00
-9.182782282951681196e+00 1.032181735778124576e+01
-8.644726717875752087e+00 -7.767971796090762382e+00
-1.154619722842868867e+01 -3.563407523856328751e+00
-7.012655774481178383e+00 -4.116170151000615007e+00
1.074743799401537814e+01 -3.461086803632968056e+00
1.041386632848994509e+01 -9.034663720309145774e+00
-1.221259959849066945e+01 -9.896026937237504484e+00
-1.065169597253311551e+01 -1.236290819469662949e+01
-6.356043754109514055e+00 2.122451249147658814e+00
-1.440565620450293594e+01 8.289954228077469622e-01
-1.399018562584715752e+01 -8.630030339471588263e-01
2.403979923581403000e+00 7.201037761137619952e+00
-3.019361099290424733e+00 -1.388594894148249992e+01
-5.400947757539050542e+00 -2.357653211419572514e+00
-8.688875482241819270e+00 -4.223190372481347765e+00
-5.461662320721954345e+00 -6.427254478244357472e-01
7.832616219627308141e+00 -2.224717728056830879e-01
-2.429124477438502794e+00 -8.303030573085571575e+00
-2.810265396597968035e+00 -1.166903223106948495e+01
1.222281954285307037e+01 -8.293496562051398513e+00
-1.073389855391830849e+00 -1.490365757774788591e+01
7.465570476942673395e-01 6.528211701888828600e+00
9.642565663590673353e+00 6.464250862893031524e+00
5.679215801476612313e+00 1.818210582146818410e+00
3.314376842104749699e+00 -1.371309671031555055e+01
-7.498689339052715397e+00 1.447471585669564575e+01
-1.647052025594598490e+01 1.207358416895107922e+00
-1.225841073858131836e+01 9.951613903217655377e-01
7.356729171766808406e+00 -1.181119150065313939e+01
-2.619241393454062816e+00 -1.564957133384094590e+01
-1.276149995568097495e+00 3.398230118990593240e+00
-6.799961210636688236e+00 6.282853473734483885e+00
2.107421659368160505e+00 -3.961536369410907810e+00
7.892451211007472267e+00 1.017467471275779900e+01
-2.913324135363737355e-01 9.330356803982660097e+00
5.498527538917858948e+00 9.919777532428629030e+00
-1.008505648787722109e+01 3.370675491396124102e+00
6.358410332541627241e+00 1.332671749967177988e+01
-4.359471934749143074e+00 1.399406346919640143e+01
6.186624172228150087e+00 3.854505963698414917e+00
-7.918975544783819487e+00 -1.224425612431667076e+01
1.305549205700486581e+01 8.300087740075802856e+00
2.787660598887679697e+00 -7.152188529068835621e+00
4.159483587765819834e-01 -2.213112304982221445e+00
4.680720651348480033e+00 3.747234459937654805e+00
1.978250977437053137e+00 -1.493947774060769618e+01
8.641516763737229212e-01 1.151826875074175760e+01
-8.880551441533841128e+00 -8.772872016906880788e-01
4.597873705448520809e+00 -2.595505815797260141e+00
-1.566287389067407787e+01 5.347558321419462857e+00
-1.385622268597507123e+01 -8.947376782607015855e+00
-2.561261630933822531e+00 6.202901031662420905e+00
4.487417413655386156e+00 -7.432399190296697711e+00
-6.611174785819530442e+00 -8.932673149586401351e+00
1.374954870563748699e+01 -2.610756477951063914e-01
3.944806259371723911e+00 5.063065569434350266e+00
-5.426444430321327062e+00 1.577726486848190746e+01
-7.197587946625425559e-01 -3.732708082245533632e+00
1.189106180460146334e+01 -6.433362655247206519e+00
1.003763408123266032e+00 1.355005810747217154e+01
9.785109671895934724e+00 9.165835715201975376e+00
1.462506233018354607e+01 -6.803369314121107791e+00
-1.037109100225873348e+01 -6.640015961095784292e-01
-4.258962429678190276e+00 -4.440716298506979243e+00
-1.226832545754106363e+01 3.064927094872242463e+00
7.839217480257154591e+00 -8.303758699132501420e+00
1.411572839633148746e+01 -8.496599982923113359e+00
-7.706076554636199560e+00 -1.464538086369505088e+01
-1.041363696800009819e+01 -6.701255546711335498e+00
-9.925545782571614239e+00 1.152788254318494410e+00
7.560809621176275641e+00 1.949730958384940038e+00
-1.373060812407153719e+01 5.989866148895330866e+00
4.591843734063157711e+00 1.359334714977229552e+01
-9.763063651377796859e+00 5.643706110917470653e+00
3.653896024450062896e-01 -6.250692299995957768e+00
3.944715092757316910e+00 -1.049694409623598901e+01
7.493703774058442235e+00 1.475289000522696625e+01
-3.543977481102388083e+00 -6.302233675928684775e+00
-1.390681532474861015e+01 -4.772363216260743002e+00
-8.584508166687626840e+00 2.685225998565353933e+00
9.926956195878492650e+00 4.212475708331353985e+00
-1.067742853751513366e+01 1.176886628482776942e+01
1.188778355801809994e+01 -9.873690380325761851e+00
1.293120211805749520e+01 3.121769691942887448e+00
4.562350472224412812e+00 1.590688287216129027e+01
-1.311826108814215175e+01 4.520245723837842178e+00
1.161195749938161015e+01 1.163063145950862420e+01
1.596959478008182742e+01 1.529569414383459502e+00
2.419672307508271558e+00 -1.203426787531258668e+01
1.018173976353435961e+01 2.730737027952446994e+00
4.730889470641137962e+00 -9.175133363240588480e+00
1.183905324136578230e+01 1.665577565066687526e+00
7.710595860159315862e+00 -9.933679282060701610e+00
-9.857404884163237568e+00 -2.364998623108684583e+00
4.430929384310644537e-01 -1.669236965106976811e+01
7.193589974554559063e+00 5.150635924107934471e+00
9.601439740223959518e+00 -1.326982037856057062e+01
1.312579688037925507e+01 9.995807037901158765e+00
9.975671791977713809e+00 -1.860456327406543764e+00
-1.066686754784967661e+01 1.002192941823319572e+01
-4.319652444591552509e+00 -1.555987485414231131e+01
-1.963395593448412413e+00 1.201436902789514605e+01
-1.141958331151840866e+00 -1.650282791948717787e+01
7.566938992888250226e+00 -1.463616386872462449e+01
-7.719677478581029817e+00 -6.414900002332966977e+00
1.554753669533083382e+01 -2.889779168320179892e+00
-3.984224804353404537e+00 5.588868703961011875e-01
-7.349046864397879020e+00 1.168291361239111126e+01
-1.410840598471247276e+01 -2.884100798535474297e+00
-1.277735652739785621e+01 -6.635989682144225910e+00
-9.300274003723442817e+00 -9.592655330960297988e+00
6.496980004706720990e+00 7.581255375590721712e+00
-2.092754852514653763e+00 1.392079203738306603e+01
-1.216842520141275585e+01 8.997383806524844374e+00
1.438651289803754452e+01 -1.855447403288714270e+00
1.447590495964542257e+01 1.349098990426146116e+00
1.152267134236671708e+01 8.322860485615979798e+00
-1.541104559325278700e+01 3.312610633906711399e+00
5.592960261287458934e+00 -1.251697890537712965e+00
-1.284789446804246893e+00 7.799090816197974618e+00
-1.568840594437064340e+01 -8.565150383014632496e-01
-1.899165059284383617e+00 9.399374585419838724e+00
1.520719661329442118e+01 -4.355524419491638710e+00
-3.150612226952834050e+00 -2.832670600299490360e+00
-1.032626440099809528e+01 -5.176534462823042304e+00
6.091862762830714928e+00 1.153137312182198571e+01
-7.653216849944698197e+00 4.731360425419726567e+00
5.928893937747183429e+00 -1.011369997285124178e+01
-4.340146165938888245e+00 9.935215546222355698e+00
-1.266772844074342430e+00 -1.271470818192298324e+01
-1.544146317200500107e+00 -9.739423303169322921e+00
-1.366104416686045120e+01 9.528329154172684667e+00
1.196239555152365241e+01 4.559142023491652651e+00
1.576449013240387131e+01 -1.048693029334163640e+00
1.271617264037051243e+01 -3.010839856021783945e+00
8.889378547384694684e+00 -6.814714659511370343e+00
1.076977002809363171e+01 1.816727038417802476e-01
-3.946203502754945802e+00 1.615692952549926531e+01
-5.778961183476832630e+00 3.672013717849683445e+00
3.041723701046748829e+00 -8.850492105501643891e-01
-1.212671930084677285e+01 6.864304427420851340e+00
5.444436392082323550e+00 -5.721572853089501365e+00
-6.569189328971310360e+00 1.307201955493621170e+01
-1.442334865253712017e+01 -6.559527942572104919e+00
6.061911406902964927e+00 1.542004781277788084e+01
1.483167555042579977e+01 3.204622808657990873e+00
-4.711533619242965543e+00 7.127661004123382327e+00
1.519077460434294835e+01 6.500895581317021055e+00
-1.376862091208792549e+00 -2.341566556264710997e+00
1.566327435974717019e+00 5.122673017786670613e+00
1.662733371743190247e+00 8.650563357468570302e+00
-6.610061215456122241e+00 7.831200086927232462e+00
-5.551410708665605043e+00 -1.323158311850968971e+01
5.061100204658497859e+00 6.552342258701902011e+00
-6.357410699544324473e+00 -1.080793338390028779e+01
-5.770474253406698395e+00 -7.639154671089094961e+00
4.487277327641489677e+00 8.846251789039989433e-01
-8.328932012238897897e+00 1.086767023251734798e+00
-2.755823573640087787e+00 2.259399943638236152e+00
-2.252697542077328308e+00 -4.500006397256115065e+00
-1.156939861850287876e+01 -8.007513728387973373e+00
1.135702947133262342e+01 6.358397768212679324e+00
-6.236766065110259660e-01 5.801076361518315849e+00
-3.514009206241061278e+00 1.237797518179505474e+01
5.367845734120535894e+00 -1.579842001325142320e+01
-3.782535709553943803e+00 -1.039480916264311716e+01
1.148359353273621508e+01 9.926501589406505843e+00
-5.733430454973067469e-01 1.400568122036280627e+01
8.001224351337395291e+00 -3.877009204835971445e+00
6.174139458273060654e+00 -1.283121429730955398e+01
-8.445349040878637581e+00 8.163770197926218941e+00
-6.612541496598137059e+00 4.972891771013401296e-01
3.227981013141455691e+00 -8.654505771164179961e+00
8.360925800840981026e+00 8.421277024346398576e+00
-9.598937660175572262e+00 -1.346643401685880193e+01
1.400998533499990373e+00 -8.887481352429809078e-01
-8.923481963639249059e+00 1.181503737695705780e+01
-1.564924897802869630e+01 -5.055653432073865972e+00
4.500134208742604613e+00 1.190514980807111201e+01
-1.201625740311240165e+01 -5.281952196175820902e+00
-3.995219627331959344e+00 -1.490246099117499057e+00
1.449865995763364168e+00 3.408267717527216689e+00
-7.855787915443208647e-01 1.107685866760996518e+01
2.317495289553662019e+00 -2.449939154645777606e+00
1.166350895670628063e+01 -1.196589437231380160e+01
1.144547454921237062e+01 -1.269005544074985892e+00
-1.397820632224909509e+01 2.404925601117788858e+00
1.344548629801806428e+01 -9.895429639507678843e+00
-1.243023419480461378e+01 1.050595850335168180e+01
6.377835092604122735e+00 4.465885082301745967e-01
8.990190285316170815e+00 1.326520453260254229e+01
2.301349787334721952e+00 -5.684554496333955598e+00
-5.535176705947179698e+00 8.911612085172244235e+00
-1.198570347425075511e+00 1.610819212935606259e+00
1.612361121662630126e+01 4.130523242612696322e+00
3.929189757282681938e+00 9.753924147326205940e+00
-9.411928767477474977e+00 -1.121552860599011758e+01
-2.946582643293000459e+00 1.077731708714665615e+01
3.731703722335932838e+00 -1.551082638589736007e+01
5.793909322953041396e-01 -4.596795325942883537e+00
