# Antenna elements layout
# Station label: stn.172.C172
# Number of antennas: 256
# Station diameter: 35.00 [m]
# Antenna minimum separation: 1.50 [m]
# X[m]  Y[m]
9.947044785551060642e+00 -1.149627498071898302e+01
-1.610309416021642903e+00 9.654290751418503902e+00
5.568967153913444434e+00 -6.757201415977666770e+00
-7.494998813158829876e+00 -1.708906211748463022e+00
-6.849379946417323950e+00 5.270396686092048810e+00
9.117501373586318181e+00 8.143573856837104330e+00
1.050947901209902113e+00 3.053605690730194056e+00
1.202716218505912948e+01 -3.103176083490154724e+00
4.662176497931202590e+00 -1.074080331401511224e+01
-5.822765412244017114e+00 1.330009208738514204e+01
1.104704267138354723e+01 1.102023861333805144e+00
-2.761467120803292374e+00 1.170366080122461483e+01
1.223782144775450931e+01 -1.054160651861647402e+01
1.407776922485770044e+01 -6.442784011689539625e-02
9.832375922254470879e+00 -7.187832104979761993e+00
4.420558552221322657e+00 -1.585283686133678493e+01
-9.361134597130574164e+00 -9.480993302572573000e+00
-1.494155835860215475e+01 5.026710709392656184e+00
1.497073221699797330e+01 2.628380839064586638e+00
1.443527503210714258e+01 -6.133995855703810562e+00
-1.940952250326938966e+00 1.710522861295352470e+00
-8.496759205936980308e+00 4.360795591361942058e+00
-1.086412317436955988e+00 -1.059530249016314229e+01
-1.053169467876561072e+00 -6.861577983303957851e+00
-1.655607570691830688e+01 1.349206968793481565e-02
-3.035000673930081661e+00 3.410342208466836667e-01
-1.369561478640910934e+00 -1.315053111513190132e+01
-4.059212159596343739e+00 -1.775627423243713920e+00
2.682259201068884380e+00 -1.308426946087255693e+01
1.244841605233379767e+01 7.091982377156373474e+00
2.000248547373963959e-01 -3.192096333904380856e+00
-1.109569787816788633e+01 -5.766017465512314644e+00
-2.307487639100713750e+00 -2.338136872318434811e+00
1.236302942937175686e+00 6.839578282790103714e+00
-4.909540178798913246e+00 -3.026686369980641444e+00
7.829376992771084787e+00 -1.300707644411498976e+01
8.159514015861407898e+00 3.278037245165883462e+00
3.651950145998092978e+00 1.264228115851122070e+01
-1.141515655245372862e+01 -7.390538047003174071e+00
1.307287105450086884e+01 -8.361096480822098442e+00
2.883779993967788613e+00 4.986059508356557757e+00
1.067702388352894616e+01 -5.233703746531707779e+00
2.258383684676509517e+00 -5.923072696712411656e+00
-1.094203869110019944e+01 -9.411071600387709069e+00
-1.040363781246941954e+00 -1.649765118749612114e+01
1.432883848583698239e+01 -2.214323753113443871e+00
-5.257337333658611556e-01 1.265369912589463652e+01
-7.924070142722552390e+00 9.934657381994625780e+00
-1.514263143664425826e+01 -3.953390913189236855e+00
2.223384493813409080e+00 -1.076861137372894461e+01
3.054757689207065141e+00 9.954240098817859206e+00
-7.779761375023891645e+00 -4.639773841595845383e+00
8.512833271965600801e+00 5.712884969776492738e+00
4.659718076237290063e+00 -5.497715438289516143e+00
-7.563374857654887151e+00 -7.989435163022381658e+00
2.849352406398100612e+00 1.508389272292380667e+01
3.270153190350164607e-01 1.401471520958831007e+01
1.325688154289476728e+01 -4.622491932643784551e+00
-1.354651481226622778e+01 4.701455610649034611e-01
-5.575255793642742930e+00 -1.018513161769717179e+01
-2.485582757058757863e+00 1.655146836983002601e+01
8.532269013036433591e+00 -5.102572020577261114e+00
-8.348447158945297986e+00 1.166296638132313390e+01
6.870215140780008056e+00 -1.172749162221894181e+00
-2.445992116424566376e+00 6.717318866614441220e+00
6.767492155003893117e+00 -1.479432030501597950e+01
3.549841130100730879e+00 8.268235115088607756e+00
6.518597982954833725e+00 7.554878981552526795e+00
-9.570819822979057534e+00 9.739571008009878739e+00
-5.295497697053102470e+00 1.181071122302257947e+01
9.356772146175629246e-02 -1.456108792093476723e+01
5.677733578190434116e+00 1.373439624907305401e+01
2.573220817957416529e+00 -1.524420318710935973e+01
1.071975186831474502e+01 6.157411771110101739e+00
-8.985639412946518689e+00 -4.612500704281075059e-01
-1.028672392879455977e+01 4.217802429442247814e+00
-3.210466127660202673e+00 -5.907685146903890683e+00
-3.367236923126093018e+00 1.310238899809332480e+01
4.563277374783282880e+00 -3.474749864042362191e+00
-3.582814732364631993e-01 -4.689202988030036323e+00
4.491509288922884480e+00 -1.290700054295030341e+01
-3.110134740415979593e-01 4.547635778154969444e+00
-1.543655738080079232e+01 -2.424353751166211879e+00
7.472089541109241395e+00 1.890362512328508160e+00
8.527717786575198744e+00 -7.042630645134764222e-01
-1.189063888632817623e+01 3.374182879307003446e+00
-7.779100565692578684e+00 -1.387029512063386960e+01
6.484897748429943931e+00 -1.183446552373049698e+01
-1.145936705161602198e+01 -7.754885822610404489e-01
-2.569693229474832918e+00 -7.377181342278491982e+00
-4.908293871658754526e+00 1.458418097662898560e+01
1.401179397347128486e+01 7.802499250937383835e+00
7.941631225840378505e+00 1.326200520795270066e+01
-3.215620560837358255e+00 -1.330741761975524717e+01
9.410296571296768775e+00 -3.699570713313262260e+00
-1.859327673036744955e+00 1.375359144273925338e+01
-4.638339822787763467e+00 9.415076761533832439e+00
3.286729657964109208e-01 -1.125070388711735347e+01
6.278293953434399555e-01 -8.641232928537379010e+00
-1.122931385768678680e+01 -3.187770144388014870e+00
-1.153845766750225366e+01 5.845121182252668746e+00
3.817974803304721831e+00 -5.259095150253294548e-01
1.136610085995204145e+01 1.005571989901758556e+01
-9.562776459739714241e+00 1.912084201410639395e+00
-3.885646376441508565e+00 -1.163342342757437464e+01
-8.707902510301350318e+00 8.319115516546524702e+00
-5.204904564714585291e+00 -1.489134381964615450e+01
-6.630425097852372218e+00 -1.227150062666293096e+01
-9.046184519922512379e+00 -2.378480382095645496e+00
-5.092760220634545476e+00 -7.897461835163124277e+00
5.625890819210216165e+00 2.803255048661789317e+00
-8.197428196599059191e+00 -1.092056954142691083e+01
6.525732859205138681e+00 1.153868461407443746e+01
-8.487795737816989927e+00 6.058485921311419276e+00
1.936567771646295455e+00 -4.270992135237543508e+00
1.357444771305415898e+01 5.261479084271307727e+00
8.363239711527306497e+00 -1.007111745181913243e+01
-1.118686286531407603e+01 8.801773464200906005e-01
1.596300112897823453e+01 -7.889606032647940026e-01
-1.338216789926030970e+01 -7.293261698533108017e+00
-1.282904643912304898e+01 8.980874313581079349e+00
2.586898841229370305e+00 3.130375275159774873e+00
1.305839255371631680e+01 2.933212654721639723e+00
2.102389520138103762e+00 1.114609112687383430e+01
1.105448867723883311e+01 -8.480155026033465049e+00
-5.496065336474842411e-02 1.763717198755511362e+00
-6.275216581679408989e+00 7.440481822007662061e+00
-2.042385908625677260e+00 -9.084473853414920086e+00
-5.928889426238052707e+00 1.088891433121531804e+00
-7.534728017535288203e+00 3.079156280941184320e-01
-6.029796278607307158e+00 -6.409241062001417077e+00
-2.677968305264434079e+00 -1.062589483509416333e+01
-7.727123309881736901e+00 2.496981380081560786e+00
8.401370109696692623e+00 -6.609148583599180782e+00
9.829003961510192511e+00 1.278611777200258359e+01
6.720936584584929818e+00 -9.134716407086576950e+00
-6.439217705373835088e+00 1.522034033688333921e+01
5.896841975095760802e+00 -4.323874254659964222e+00
4.975176919947141840e+00 1.182830167097604601e+01
1.232817299454440985e+01 -5.933099876030327735e+00
-1.393249746553365398e+01 3.006374297396305906e+00
1.002944527449457723e+01 4.406881672169433273e+00
-1.259752289291922622e+01 1.052802533991044953e+01
1.127311854506253397e+01 2.930840336615684549e+00
-1.099503181213064096e+01 -1.235402163948425702e+01
-2.551431200596459448e+00 -3.915280205099570310e+00
-6.343222056241357265e+00 1.071395089741125517e+01
1.593838882162100390e+01 4.440985152261525570e+00
7.536300550925574271e+00 9.340788422098736277e+00
1.582712395202111111e+01 9.829204159646991457e-01
4.273956537837300118e-01 1.560374299100909212e+01
-1.098686563579381037e+01 1.185614554943918009e+01
-6.847323169520223018e-01 8.202427989674312414e+00
-3.896151405330240181e+00 3.407526766382094507e+00
-3.212067723242835626e+00 4.750284747740892044e+00
-1.482191042387107593e+01 1.384262375092994546e+00
-1.106095974992344644e+01 8.661560930131958713e+00
-9.023297620550522424e+00 -5.581926721124009561e+00
1.692766789629406077e+00 -1.586983281741680685e-01
-1.437305979043249593e+01 -7.846677254471288165e-01
9.862961595019410055e+00 9.447578554462950251e+00
-1.473795815891167393e+01 -6.377672504278640631e+00
3.860012931604380526e+00 1.625153073277062532e+01
-6.222102975658181379e+00 3.354222859813230428e+00
-1.650610797093374771e+01 2.233907135167854108e+00
2.184769920867537962e+00 -8.033759756821648779e+00
-1.392140272047179828e+01 7.921834507580523876e+00
5.117267973765933675e+00 -1.436139951149494109e+01
-7.569771601272542227e+00 1.415244145116981755e+01
4.825538654981496478e+00 -9.126740322969325803e+00
-3.131448115453022041e+00 9.742615759221870064e+00
3.293973472684353254e+00 1.227359041088938341e+00
4.496516597979280050e+00 3.845752108198283281e+00
-1.342493820723598930e+01 -9.307965977289274662e+00
5.458258969166866592e+00 9.763257855854693190e+00
-5.822814473981564376e+00 -1.306571790273640232e+00
-3.903188364382970121e-03 -1.132758981980526158e+00
9.310876198657801694e+00 1.740094713814968941e+00
7.393173561567852659e+00 -3.434030782409120519e+00
-4.614982861001678316e+00 7.353047792624707313e+00
9.517768974447847086e+00 -1.335448674221314747e+01
-1.327913731151448573e+01 -2.768506111553088900e+00
3.029826699633673570e+00 -3.138330638429241759e+00
-4.853294013339249702e+00 -5.245204617271333802e+00
1.258561877986375421e+01 7.213193405562776661e-01
9.722494305521429681e-01 -6.717615113231317991e+00
-1.231062792942841000e+01 -1.074302641217553678e+01
2.829409311951273764e+00 6.557671383963977974e+00
1.044129597589513736e+00 1.008159798299347898e+01
-6.170940664785829810e+00 9.166289782000028197e+00
1.290416640907409374e+00 5.132180969510869772e+00
-2.763598777551369068e+00 -1.534384724865747174e+01
5.262461275662765559e+00 3.864779987453204058e-02
1.162228029343517477e+01 -9.729639304667045963e-01
1.497454899228267777e+01 -4.562659565745372348e+00
6.931805091456048729e+00 5.069164262218681216e+00
-1.252166635981135911e+01 -4.909046947423856722e+00
-4.613471167762988046e-01 1.074416657282991849e+01
-4.562349729369795881e+00 5.549635245585520238e+00
-2.316095925061212313e+00 3.377292043095234675e+00
1.479939181971258222e+01 6.444579365656426972e+00
5.043223191769484970e+00 7.059526567457208301e+00
-8.235585846738793236e-01 3.074448107955106479e+00
-9.419560771999945459e+00 -1.325922530296258195e+01
8.585817928386937581e+00 1.129237906357550258e+01
5.693555121937063035e+00 1.543549963287958349e+01
-9.732765516911413783e+00 -3.806664926173334962e+00
4.067806278436272294e+00 -7.414006854537138480e+00
-7.075484600724600170e+00 -9.836613027880808602e+00
-1.309004524828769789e+01 5.235338173691832964e+00
2.453102729318025865e+00 -1.527488639181592944e+00
7.756016299919252788e-01 -1.600442786013264396e+01
-1.260441666111815806e+01 1.985264406789507774e+00
-9.280023202387523540e+00 1.316055556040612018e+01
-1.291208050445173861e+01 -1.273979108428022755e+00
5.384819781888204204e+00 -1.460188247253981331e+00
1.143805459219880305e+00 1.237295946667943625e+01
5.083663134626156932e+00 5.448133423730364910e+00
1.165771430562169542e+01 1.170584854490608606e+01
9.586854481596144950e+00 -2.060006223334003295e+00
1.215017450733339288e+01 8.576053554468675344e+00
-1.058476514317661099e+00 5.763972232694669628e-02
-3.744010324653878286e+00 -8.625524807171176533e+00
-1.425478510249644515e+01 6.445819075176220991e+00
-9.149304295809720600e+00 -7.807122685858425726e+00
-6.960202485549968898e+00 1.231509549021642513e+01
7.433989158176775192e+00 1.487189586752160153e+01
1.629847630885609533e+01 -2.854402215806203458e+00
1.611362905879104801e+00 8.633821914610372517e+00
-3.458408106747819843e+00 1.891301522590953965e+00
-6.456411880548634130e+00 -3.155821738087578154e+00
-1.021182104786835332e+01 -1.096547107506976815e+01
1.012985172033266679e+01 1.111871975120078559e+01
-1.471307244550046534e+01 -7.993560374279963909e+00
1.002922357411900478e+01 -4.320837991782120469e-01
-9.873369987348425525e+00 7.026835623117147378e+00
3.408232123879589182e+00 -1.172586223431896535e+01
6.874827064714203573e+00 -5.466305941597115137e+00
7.014640405488009378e+00 -7.318571558766253204e+00
1.004619037914981305e+00 -1.300109825841878397e+01
1.776194402331839228e+00 1.488968713865528315e+00
8.217742923679139722e+00 -8.275459019392897630e+00
-3.657825166947878515e+00 1.557527924374917205e+01
-5.422874460820104048e-01 6.389002298335853425e+00
-1.101562569772713829e+00 1.517228750795845826e+01
2.467710692511534631e+00 1.358320958934963940e+01
-5.149145271112850253e+00 -1.336020371702636389e+01
-1.621568395903219795e+01 4.143001229347184733e+00
3.028090339036811685e+00 -9.380507772739129280e+00
9.960268121840496036e+00 -9.587481931293625692e+00
-3.158552777049752791e+00 8.211522100845634498e+00
1.182019471792716914e+01 4.820404040778662136e+00
1.345958732716857753e+01 9.863609579781755343e+00
-4.649748890324101325e+00 7.112344519473268178e-02
1.310458891402119619e+01 -1.334236507021444140e+00
-1.663923522377631770e+01 -1.513582971860298443e+00
