# Antenna elements layout
# Station label: stn.016.C16
# Number of antennas: 256
# Station diameter: 35.00 [m]
# Antenna minimum separation: 1.50 [m]
# X[m]  Y[m]
5.018303412556065268e+00 -1.591366463202597892e+01
1.541599108216555436e+01 6.284053411302384262e+00
-7.936112342802342567e+00 -1.651407995737949719e+00
1.357470871695465320e+00 -1.993293467582581968e+00
-6.104517045578019108e+00 5.013667423013671964e+00
-1.084058787982976568e+01 1.114837797598846691e+01
-7.035203823307817572e+00 1.093894583110943231e+01
-7.999488973661634361e+00 -3.426275802409083582e+00
-1.436327160452856511e+01 -1.754900583739051001e+00
-2.002818431732086069e+00 -7.704948386168860353e+00
-3.780246405004918486e+00 7.590904996650859715e+00
1.006551262137083569e+01 -1.319536149773791323e+01
-5.443512396635107109e+00 -8.696509858685601557e+00
7.168717869540628840e+00 1.418315261316024589e+01
-1.281364472404106891e+01 2.707444081643309630e+00
1.021106983957331238e+00 5.650293268935076441e+00
1.559733567620282457e+01 -3.348116740177751183e-01
3.608529952368829896e+00 1.150009424106255551e+01
8.381125706735389258e+00 1.067578367654754601e+01
8.851441894378794473e+00 -8.547647506941077111e+00
1.056841665681122322e+01 1.450921217311673672e-01
-1.165876641498731026e+01 -3.502114929800566046e+00
-3.717829563652902181e+00 -6.698869162976585301e+00
-1.271557533052831701e+01 9.087965230997813393e+00
-1.532123546964609062e+01 -1.555548526457428693e-02
-4.048655297911185613e+00 -1.580908235754314717e-01
-5.526685990888211109e+00 2.815268154947297319e+00
1.228457309434737965e+00 -1.502270903389025136e+01
-4.551311954100473400e+00 1.585692288698325569e+01
1.188577966937216956e+00 8.192119956056249208e+00
-1.096659351636840007e+01 5.021808586070939384e+00
-8.611278797136575847e+00 -5.132759434939483612e+00
-6.008255324867070257e+00 -1.995262836456221933e+00
4.306546830187908625e+00 -1.176252729287966226e+01
7.422481166832593402e+00 -1.436497927832807164e+00
-1.084821231746305514e+01 -1.120859997951117926e+01
-6.507283925632689758e+00 -1.124926034708923339e+01
-1.424633296368291724e+00 -1.180004960795040603e+01
2.783299852389880868e+00 1.540942664914128102e+01
8.937002780773930510e-01 -3.837341511710027575e+00
-2.941225235642932034e+00 -4.678345548920193053e+00
3.647448116076851932e+00 1.392489328999617726e+01
9.233481220554459412e+00 1.199212253958696550e+01
1.263624467574462784e+00 -7.056745407919201796e+00
4.596925153760810900e+00 -9.874857329006694329e-01
-2.021131034136542937e+00 1.081510376674460261e+01
-1.319395348368105658e+01 -7.732083553968832845e+00
-2.861518479818000671e+00 -2.410509046107156550e+00
-8.115901732478231878e+00 7.790751659852109157e+00
9.611506687555745998e+00 -1.056524218062401665e+01
-1.332033599368186216e+01 5.341844252937637094e+00
6.107031880853941885e+00 -9.181576487211779991e+00
2.496577242103455774e+00 6.250000253663717587e+00
-6.026096306432807026e+00 7.650514109181642652e+00
-1.406099523437352161e+01 -5.164531955179077372e+00
7.548608646882950524e+00 -7.047817754325638617e+00
1.197007496499823631e+01 3.974654943945314045e+00
5.834426377193647539e+00 1.095798347464635825e+01
1.552049718015980062e+01 2.636489485377225606e+00
1.033470075265441324e-02 -7.235379462232280900e-01
5.608887656879765871e+00 9.462057004394502258e+00
2.581040737364951099e+00 1.077497872583425220e+00
-3.256758635253222067e+00 -1.393118678442506564e+01
6.389263382732739416e+00 -5.547282511974783503e+00
-1.056610616558414506e+01 1.274461457140085585e+01
-1.897485530327761794e+00 -3.986298128134038166e-01
-6.210512269010749264e+00 -4.558275707635162988e+00
1.058889232787542767e+01 6.064847227632277793e+00
-4.022134634650411655e+00 -9.666460499994393274e+00
3.555330224721558352e+00 -6.337170465944154785e+00
-8.247384740847572004e-01 -5.017788987809321810e+00
-8.527503342411934639e+00 -1.433723210771446688e+01
-9.881047489863615141e+00 -1.339789277171428239e+01
-2.467262382938944398e+00 4.795406338582409944e+00
-1.020961723219464368e+01 -7.763286579847818558e+00
-8.146080379151516837e+00 1.292527590030956830e+01
3.904280240677749703e+00 9.832126547671411032e+00
-1.461579603225020918e+01 -3.722836480637116807e+00
3.680785815548922812e+00 -9.045516916112070760e+00
2.295602167400662807e+00 -1.635653535458386898e+01
-8.454528441149271600e-01 1.548597591070310386e+01
4.219253863772525648e+00 -2.987696328514633848e+00
6.030380913366290230e+00 -2.720834204673451495e+00
1.118725556727004999e+01 -6.205663736740728353e+00
-6.128239701959659058e+00 -1.464310736530048729e+01
8.512194163283432147e+00 -1.221979786094138376e-01
-2.064227163853288971e+00 7.067033146519172249e+00
1.008230994632158328e+01 2.370006816332686839e+00
1.444096999306573537e+00 1.667443985306290699e+01
1.324949130543095777e+01 7.536117045387946689e-01
-8.851865995451294822e+00 -1.163011138276275069e+01
4.396422626333535533e+00 -1.387165768874567995e+01
-7.775192256045015071e+00 -9.754906569451932796e+00
1.351066729037158964e+01 7.431936497404208808e+00
4.192820167245479013e+00 6.264956471248055436e+00
-6.607104225914481432e+00 9.178096272464234318e+00
-5.258622205651164450e-02 1.430553704586998265e+00
-3.664572497338506096e+00 1.216381344285847987e+01
-1.196568006890080405e+01 -1.959127573042442449e+00
-8.497309582617914359e+00 5.826328763785316056e+00
2.098351183830015287e+00 1.049489220150072910e+01
1.183030854821542732e+01 -1.592723318099750429e+00
1.005474562250151749e+01 -3.816524196977391981e+00
-3.866321562518308497e+00 1.428406853538396604e+01
1.128326839403473514e+01 8.478189598603535160e+00
-6.038044532849294654e+00 1.298479047356523708e+01
7.845329754275716994e+00 4.198642127516649225e+00
-8.017421239926893151e+00 3.041975141197745813e+00
3.129165904030585921e+00 -1.630326580045704077e+00
7.104526042128174623e+00 2.364036977523447547e+00
-8.082723352708077513e+00 1.252584112415160433e+00
-3.049090980301507159e+00 1.740457799979061804e+00
4.699500253123957805e+00 7.702595832294207412e+00
1.271611468011960966e+01 9.178659981208365792e+00
1.520283636672803596e+01 4.365023781585616547e+00
1.904452777257418461e+00 3.071247043241314145e+00
3.470612188300453482e+00 3.049927431449830806e+00
-1.535469105172117743e+01 6.446275507242383185e+00
-1.142294882702635306e+01 7.736701620964325343e+00
1.196351696816565280e+01 -7.800904120086990190e+00
-9.483235826165184790e+00 -2.100111100643385242e+00
1.015521373498306090e+01 -1.367439655302735702e+00
1.044382768479864154e+01 -8.931156351277495631e+00
6.751643142514023310e+00 7.527385972044950080e+00
-2.488741074867590441e+00 -9.617642552641616049e+00
6.224342502754396378e+00 3.945674296745973919e+00
6.773730431477172687e+00 -1.190527472997870007e+01
-9.711154196476126543e+00 1.707167579897518550e+00
-1.165193757521769768e+01 -9.604865158279192627e+00
-5.889691622226850498e+00 -6.542800563933187874e+00
5.882192117415279142e+00 -7.498722475503278417e+00
-3.929007637801831265e-01 -1.627029471015556439e+01
1.379677884424705070e+00 1.239701385450746685e+01
-1.318118220847701494e+01 -5.725366116359253965e-01
-2.662654392742181741e+00 1.533807418506248865e+01
1.110390664868688759e+01 1.163676488216611915e+01
1.438617557296214500e+01 -4.997689556098110941e+00
7.633150979130871150e+00 -4.479248205038143027e+00
-4.464474425654968215e+00 5.782497322687230934e+00
2.595770609574756804e+00 -1.210735053273666750e+01
1.290353202933667376e+01 -4.128566056681147955e+00
4.716544178272780385e+00 4.599512271052262236e+00
-5.090888774703921982e+00 -1.296527254546857577e+01
1.348820704501533640e+01 -1.662858700687710467e+00
8.086219750034242537e+00 -1.375506418777824535e+01
2.111913310320993276e+00 -5.166225489495168688e-01
5.915204225059273568e+00 1.273675310084689016e+01
2.061818327695945641e-01 -1.081427267628486000e+01
-1.119910134425346548e+01 8.316781373331672000e-01
-5.674064210670469066e+00 7.765018412096758027e-01
-1.596070326705101117e+01 4.220961990000976272e+00
9.615079022725840474e+00 8.443982703882177532e+00
1.294426619239444420e+01 5.988553788179970638e+00
-4.589225026303418886e+00 1.001316528558155028e+01
-4.366243076746968654e+00 -2.146960928863482110e+00
5.698386752015281331e+00 -1.303913343250852286e+01
-1.283973095530885900e+00 -1.428349061038762535e+01
-2.657384966387951408e+00 -1.566763882317119361e+01
2.505873109636091556e+00 -3.375788709434441870e+00
4.619876218849547911e-01 -8.332072504395723556e+00
-2.559820106536825790e+00 8.506993800171123610e+00
8.531029435028255392e+00 -2.659783361154325121e+00
6.521722403644325539e+00 8.420106466755328256e-01
1.444170371615149762e+01 -8.358112180418467929e+00
-1.470620579807473405e+00 1.280311669517636730e+01
1.212124051922135948e+01 -1.010634321922679568e+01
-6.901735296876630343e+00 -1.283501572737936414e+01
2.005671328810588960e+00 1.396218251722066128e+01
-9.227764244035851604e+00 9.413138138593350135e+00
-6.538522575694477368e+00 1.481542988591451859e+01
1.545884404404099399e+01 -2.179043428832878604e+00
-7.214103972838131540e+00 -5.730056592919265057e+00
-9.839317233097510496e+00 -3.694950674705602012e+00
1.918357749117667765e+00 -1.356758639277829914e+01
1.179170998665671632e+01 2.340183372051207300e+00
-6.987838517616552281e+00 -9.939126890404637038e-02
1.026258928121530545e+01 1.020522907770251209e+01
5.050459681735464557e+00 1.506243721609857289e+01
-8.046545613826099341e+00 -8.095456163293899721e+00
-1.504350096318122176e+01 3.026456044538573309e+00
-9.765417847755351488e+00 -1.500603536228162227e-01
-1.361801103224889076e+01 7.125438141482050014e+00
9.006377437170119293e+00 -5.425985125661748398e+00
7.531215803189351021e+00 1.237108917823540111e+01
-9.802057602277297832e+00 -9.412641442019936022e+00
3.625515720693169186e+00 -1.521770664865797507e+01
6.200721119676806836e+00 6.046296515959394213e+00
7.939498343255838364e+00 5.818841332958783141e+00
-1.301417305338790698e+01 9.209204573834348651e-01
3.016584592608442250e+00 8.581801360320103100e+00
1.188430220019527894e+01 -1.160654345439986557e+01
-4.683482841393349361e-01 5.457541563793714801e+00
-1.556329994091742996e+01 -4.964731685333035216e+00
-7.344138714133663370e-02 1.369952860362796798e+01
-1.081871613559481915e+01 -5.188550251687550130e+00
-1.387111799005680268e-01 9.908340143755594909e+00
4.979985129965335489e+00 1.721983196775312308e+00
-9.832960645599868599e-01 8.323375471918950552e+00
-1.265140825374125910e+01 1.088654016226032439e+01
9.964534471656858017e+00 -7.473788730504479005e+00
4.143840415037111313e+00 -4.837879487168052606e+00
-3.540507428353141250e+00 3.694840932044670012e+00
-4.369983445088983842e+00 -1.537396369438586063e+01
-3.031615697829630918e+00 -1.159583492054633247e+01
-4.659607548925183806e+00 -1.128668883517249633e+01
-1.205569178719091639e+00 -2.908735895070014621e+00
1.399471221617605465e+01 2.762613636857032873e+00
-1.488745004023983398e+01 -7.583003288060577773e+00
-1.563563613232126670e+00 2.763398090401043561e+00
-9.900492871353698376e+00 3.318522588328626455e+00
-1.218351146968265475e+01 -6.205718349944573831e+00
8.208052517491370992e+00 9.152803160141573358e+00
-9.956473793635945313e+00 6.563194042129108396e+00
-3.341119063063118233e-01 1.141857228846007644e+01
1.818255776748724628e+00 -1.020382061240837857e+01
-1.633551330441743232e+01 1.974684591054643334e+00
8.637991303757328154e+00 1.823661598056997235e+00
9.364347261420391533e+00 4.498513822535411322e+00
1.596924392972042739e+01 -3.977616682001524850e+00
6.913148504211807932e+00 -1.504661647484357978e+01
1.226979645756980020e+01 1.066509081607013698e+01
8.945687985235078798e+00 1.381587746073115142e+01
8.552941058009590591e+00 -1.181498526151858108e+01
-3.543143289474990354e-01 -1.291702896698153680e+01
3.123030813708744802e-01 3.818283578251858046e+00
-1.612638586762071924e+01 -1.492331393625924818e+00
1.523733831787607329e+01 -6.731922209428992332e+00
1.326534418044852970e+01 -7.003086961434934921e+00
-1.331215835753488719e+01 -9.645930176201318318e+00
7.931424624506572485e+00 -1.026587466475480959e+01
8.000723383109651365e-01 1.517635505408374286e+01
-1.236190128695763413e+01 -1.110133074223062799e+01
9.683057199981881524e-01 -1.219958520187618589e+01
1.590898384466838422e+01 1.150243375127242729e+00
2.016394398549241629e+00 -8.374271920557788462e+00
-1.468581150049223183e+01 1.406359098857357992e+00
-6.546639031958143562e-01 -9.433547698788137481e+00
-8.014929335727002169e+00 1.443920188897485701e+01
-4.708246437590762667e+00 -3.712142169989956386e+00
1.355998718795016700e+01 4.239944217287881401e+00
-9.106340727168477756e+00 -6.655052109653542658e+00
-4.504524941100756408e+00 -5.395683235576210990e+00
1.358298389642109427e+01 -9.698260588619106670e+00
2.348884357933684441e+00 -5.406987188563254776e+00
-1.106185333304785878e+01 9.194936312427078207e+00
-5.426894463679106551e+00 1.143458918380573408e+01
-8.558959321833865985e+00 1.144851683711879886e+01
-1.427906087135398039e+01 8.613735436017488922e+00
-1.257203064924521740e+01 -4.728310171087560576e+00
-7.069386517771988565e+00 6.530460313270225470e+00
1.111285984476850786e-02 7.122014069636801281e+00
-6.675814376005959616e-01 -6.668177406193667167e+00
-3.579071928413865677e+00 -8.222772579311220298e+00
3.078743012755165154e+00 4.648696411078219626e+00
9.262621829599986256e+00 6.908011186648550961e+00
1.421525211607804451e+01 -3.046428965646164500e+00
