# Antenna elements layout
# Station label: stn.390.E10-4
# Number of antennas: 256
# Station diameter: 35.00 [m]
# Antenna minimum separation: 1.50 [m]
# X[m]  Y[m]
-1.314725668101779377e-01 -8.118979222915777783e+00
-6.329181976173892110e+00 9.632675760897715378e+00
-1.440466487933462503e+01 -1.432684334412989813e+00
5.431277072148354534e+00 3.938014729568205752e+00
-1.457602302924854598e+00 1.306456533552410093e+00
6.422075228523937085e+00 5.463109007007172835e+00
-3.637854414105699874e+00 -1.063967802586530276e+01
2.806497527011298843e+00 1.166973414953773158e+00
-6.435519501681374877e+00 9.763409557464797217e-01
-1.018101446659838771e+01 9.424935016848710490e+00
1.546219437160495858e+01 -3.081692727821634392e+00
-1.343531016444540427e+00 1.625029749072760410e+01
-6.267991436210706979e-02 7.031945964755418998e+00
-1.299731522487821245e+01 6.023147541666872939e+00
-1.272014903971350464e+01 1.079426513417331535e+01
-9.977066756879686693e-01 -8.966861721225924953e-01
-1.713401146637842487e+00 1.175889420168892840e+01
9.092589569358345614e+00 8.443080641242072915e+00
-7.144237128205505272e+00 1.457419022954550059e+01
9.042788243984833940e+00 -1.367941945589514319e+01
-1.561903799486367461e+01 -4.387608967010601546e+00
7.212106679657196651e+00 2.622255429645200309e+00
-7.663448098739269909e+00 -4.375136047643076509e+00
1.213450637926495546e+01 4.473263907662872185e+00
-1.749866985425899912e+00 -2.623488577031960034e+00
-3.374334380569065317e+00 1.435001476965763700e+01
-1.184905738983616175e+01 -1.181355243837253965e+01
1.354248214744836076e+01 -1.798329668375107104e+00
-2.765913172633270634e+00 2.524736945222262108e+00
1.016790687774216195e+01 -5.738064720481400371e+00
1.113615668505083534e+01 9.943397840921601727e+00
1.550486552613702429e+01 5.488279873101728157e+00
-1.174169839775668756e+01 1.200687069168598242e+00
-1.538096702919503755e+01 6.253466319284292751e+00
6.179628533561043469e-02 1.497668021182808928e+01
-1.280133348320127595e+01 -6.549043040541347338e+00
-1.198241890530233889e+01 7.612836540584307699e+00
5.142841902778574337e+00 -1.185402680043991808e+01
3.989792241703142395e+00 -3.595894727522669143e+00
6.073253554193421166e+00 7.507444219824137122e+00
-7.164734096734896696e+00 -8.112742424525231755e+00
2.990801457342545433e+00 -4.919967609268660169e+00
-1.410965528778388922e+01 3.928224121684920078e-01
5.153384005101674603e+00 -7.694475163076909041e+00
1.398316098415138597e+01 -3.712821934372467325e+00
3.250070241577148522e+00 -1.224105034608256304e+01
-1.017161532443767591e+01 -6.095153711101932714e+00
-1.200684338811624130e+01 2.853321247297913033e+00
7.472042297368290065e+00 -6.214344595681017935e+00
-4.955054994515251110e-02 -1.577091263897263040e+01
8.370560854224606828e-02 4.566394588743566629e+00
5.971589730478932267e+00 1.273674818063364000e+01
-8.365242621242003906e+00 -1.053728154726113075e+01
1.592677364326451794e+00 2.424189911003271192e+00
-5.381061854880444528e+00 1.112480993303170962e+01
1.644647484078652866e+01 2.427393700078724237e+00
1.506179129027891861e+00 -1.059360355612311366e+01
1.143758666952953007e+01 -3.381365112669909578e+00
-9.243410394608584824e+00 1.212350260376711475e+01
1.271101786544992507e+00 1.055844845029697154e+01
-6.507618716289103489e+00 -1.348030920960617429e+01
-1.142174556459024792e+01 -1.013046937203176334e+01
-4.020147970615957078e+00 -3.816753290240727736e+00
-5.361102455336586914e+00 1.578129825760834848e+01
-7.625097521151481317e+00 6.626991990443553249e+00
-5.669876954058322482e+00 -4.140713623062522331e+00
-5.936463088918809916e+00 1.273895981001350819e+01
6.759390750245088952e+00 1.512821411719816211e+01
-1.505634345707640875e+01 4.151572547085532250e+00
-9.213772786060561160e+00 -3.061191975896418782e+00
-4.935858964216832234e+00 3.444675140792590184e-01
8.913190570834544246e+00 1.003675745275130993e+01
7.103471291578280500e+00 -1.231386155188050324e+01
-5.338598773036551393e-02 -1.381088156743279782e+01
9.998183230108011799e+00 3.790780444983539610e+00
1.418733592942334099e+01 3.714237892770878346e+00
1.265852932367761952e+01 -8.954815326596925473e+00
-2.605184954882728832e+00 6.365787434600512995e+00
-5.354712278715085816e+00 -8.184583808046268061e+00
4.964936757608509055e+00 1.447195534235619974e+01
-1.301537504567565762e+01 4.190256359374252781e+00
2.150376341587438844e+00 5.346005324280103110e+00
2.197629713281543218e+00 -1.522827401494018140e+01
-3.829932456558722720e+00 1.279854603893020482e+01
-9.874163004683190081e+00 1.067269898245626791e+00
-1.631706428533622244e+00 -7.495404005230266620e+00
1.043158909781087829e+00 -7.106132172280259951e+00
-1.011882650532592365e+01 2.800693278350728121e+00
-7.773704541787703093e+00 -1.895075402710913792e+00
-8.928424164371904226e+00 4.705410560333799452e+00
9.133148921457095781e+00 -8.156941730042115424e+00
-3.891778809280120655e+00 8.170068038996067372e+00
1.100272871211508274e+01 7.440009314104099047e+00
8.698037123797170977e-01 -4.398169292274927145e+00
-6.120295873592345615e+00 -7.141237355075631399e-01
7.282806943011678413e+00 1.229243776875570404e-01
1.339930757323294230e+01 5.844737419814933332e+00
-1.310130410981226312e+01 -9.999826096398010122e+00
-5.342411609629071023e+00 7.082814898210870069e+00
-1.487815147893257972e+00 -1.246020989555420222e+01
4.660032274101336469e+00 2.219808871521610882e+00
-4.591033172900511161e+00 1.982841231178660735e+00
6.735077862333142207e+00 -3.707167572410027034e+00
1.155804021274015625e+01 -1.425354747063760641e+00
1.082675753792933904e+00 -9.117970523498161839e+00
6.316112587350275476e+00 -1.066279650301155257e+01
6.990148633684661661e+00 1.130884048013419374e+01
1.403874082899752551e+01 7.583732357854451323e+00
8.728325000565682501e+00 2.921759368788492850e+00
2.561040110977742756e+00 1.520341151159080795e+01
-1.035936117220570196e+01 -8.017163148860920074e+00
1.129757052685340213e+01 -7.610857215534206688e+00
3.065964428333629144e+00 1.121546723454690309e+01
-3.826350829324063341e-01 2.420375845625180489e+00
-1.134033193138513695e+00 5.753721761218240971e+00
-8.114998538452597998e+00 1.850914111867812295e+00
1.119935902098114155e+01 -9.632549827290153743e+00
-3.233027847333381999e+00 -1.377327223103815435e+01
7.487493653911425184e+00 8.343059393108035238e+00
-4.011472922835750410e+00 4.458274422551266269e+00
-5.261277537117798886e+00 -2.190073761336815750e+00
-1.183738708690711405e-01 1.331174226350518452e+01
4.710571815000040630e+00 -1.535147902164621492e+01
1.006218198470545033e+01 -2.973872243861563902e-01
-8.768667714337428976e+00 -1.234595431307813129e+01
3.770784761536692287e+00 4.578733569588525398e+00
-1.244787976453092071e+01 -7.466973546667361461e-01
-2.338431449032773557e+00 -4.209440781669572473e+00
-7.064255695191711482e+00 -5.855918655546073381e+00
-6.553147217744195174e+00 3.337096002212309287e+00
3.453324078886907955e-01 -5.652683096517563399e-02
8.336790881159650723e+00 -1.036518889480120720e+00
-7.372139500887087138e-01 1.046027204522239984e+01
1.312294467052952740e+01 9.773641978087368898e+00
3.090275902967650978e+00 2.920992239961123005e+00
-9.782438545650052220e+00 6.653498238957983091e+00
-7.742427135840259211e+00 -1.447692604862981369e+01
6.987591469498472208e+00 -1.460143826696911695e+01
-5.409818129650890484e+00 -5.857113888619222664e+00
1.669631386408353535e+01 -2.809295406405816209e-01
2.568546015058913667e+00 -7.745833388166435185e+00
8.468277986443496275e+00 -1.073182767322890996e+01
1.036982182735371794e+01 1.265300426895875674e+01
3.685305016726729832e+00 -6.602854106154406821e+00
9.246988816345741213e+00 5.802031414815651544e+00
1.282302632383536789e+01 -6.506648046310388622e+00
1.753580407498898097e+00 -1.256421994286282739e+01
4.292598931500034354e+00 -9.718192143713284992e+00
1.472324738113215403e+01 -6.854383922245084193e+00
1.099354225558017362e+01 -1.132085208519022679e+01
8.708780255877901055e+00 8.069701501645525354e-01
-8.974395583895756090e+00 -8.714567796179078840e+00
-1.616808961092279873e+01 -2.717061513058341760e+00
8.715745655626420785e+00 1.373621611255380870e+01
-1.365400372880447577e+00 3.983425640256605504e+00
3.665644279236502712e+00 7.924021985101898480e+00
1.271338172707875103e+01 1.944787528373520757e+00
1.519439705170722021e+00 1.245066786209856602e+01
8.038351726431169908e+00 -2.931918847171800735e+00
-1.100629363224089730e+01 -2.080900767946058494e+00
-1.442769493417191740e+00 -1.518976413972107231e+01
-9.964676031063291362e+00 -1.136647334428692702e+01
4.412358306387435647e+00 -1.784726030525245477e+00
-1.628207615241648298e+01 -8.469562362811728917e-01
-1.633229677933529800e+00 -5.583367487061948964e+00
-1.297578802059938852e+01 -3.634530205798931490e+00
-3.844928327159436776e+00 -6.869316357362986736e+00
-5.611548547354578531e+00 -1.492398410823029664e+01
4.839897529990693670e+00 5.787454233710178642e-01
5.436437454309938744e+00 -4.739370277718096602e+00
-8.517143864441797163e+00 1.044911214255154519e+01
-1.321108725411606599e+01 1.869893453171979303e+00
1.386418023216378259e+01 3.920677831906118627e-01
9.650472148631603631e+00 -3.227769504774494536e+00
-8.275090563668968002e+00 8.867219331604538013e+00
-1.049314086918814404e+01 1.126458158205591431e+01
3.127602743375579308e+00 9.358168418012809298e+00
-6.616243187718360730e+00 -1.124917529436915586e+01
-4.032476118615166527e+00 1.001486564237534438e+01
8.945055851087921894e-01 -1.629486204150634165e+00
-3.336599106927343072e+00 -2.872098272505105854e-01
-2.174865413701892791e+00 9.896868809271563094e+00
-1.520429842704690060e+01 2.483799419821515642e+00
-3.161027049917464637e+00 -1.921337483134132995e+00
1.565847327417109369e+01 8.921472130543790513e-01
-4.799137569639372103e+00 -1.344604448145359754e+01
-5.803230135685915059e-01 -9.907624285672806508e+00
8.835988432835506501e-02 8.852445155928325704e+00
-8.683217480685208045e+00 -5.643384647864907677e+00
-1.465952915037477489e+01 -5.975085814968393194e+00
9.073211755421180413e+00 1.180496829129229397e+01
-1.707632106588256704e+00 7.899512992844087478e+00
3.610478258303338350e+00 -1.370045637711437791e+01
1.492563425626327955e+01 -5.191190338113081282e+00
8.449720751851810263e+00 -4.383747665026680451e+00
-1.558836302627844006e+00 1.375015520165587546e+01
-7.300423285649261018e+00 1.136520215660145539e+01
1.066282373538448880e+01 5.146654217913347651e+00
1.939874465157522820e-01 1.657439301279109856e+01
3.216764126963326476e+00 1.278132030004312725e+01
-3.162256407405592995e+00 -1.642842263615892406e+01
-1.124825176782032976e+01 4.685747754378304819e+00
-1.036354097012180375e+01 -4.057399561811264377e+00
3.093715290426171549e+00 -1.001179573045263282e+00
5.035831177690280214e+00 1.004334873461956690e+01
5.655337304868410797e+00 -7.253737338497110443e-01
-9.469820139228064093e+00 -1.440509446355605405e+00
-6.080811223847595315e+00 5.753588929659549933e+00
4.673914880352899814e+00 1.594864980473240479e+01
-8.589260714180113609e-02 -1.133459111444847167e+01
1.142001613784370306e+01 1.143938754715527750e+00
4.801258282190527638e+00 5.715351900390206907e+00
-1.465264242473995360e+01 -2.934292473121210776e+00
1.608989015725951788e+01 -1.715292626316362146e+00
-8.032865328074857203e+00 -3.105635634736501061e-01
2.105176999485401268e+00 7.319263783191313877e+00
8.201903163647720874e+00 4.510230986063010761e+00
1.237922042530177791e+01 -5.051527455043389736e+00
-3.652789675163878869e+00 -8.359957869262411023e+00
-1.410014648448398411e+01 -8.742298724152819389e+00
-1.467565813735167879e+01 7.754640558172336995e+00
6.664950990071218939e+00 -8.895102474361044287e+00
6.952862884146092881e+00 -1.773387357003940679e+00
-1.664291739800620462e+01 1.418140605455924685e+00
2.813439567469991687e+00 -9.233248261352716924e+00
-1.215565299802710619e+01 -8.042988826623012955e+00
1.450101654509825266e+01 2.162579662739105402e+00
-2.998128015473792374e+00 1.587019445118985317e+01
-6.639049165787749729e+00 -9.628720528279927748e+00
2.201416196578229290e+00 -3.220372164712202334e+00
-1.195976254420566320e+01 9.221744942839393389e+00
5.667892408850867980e+00 -1.382177504053990624e+01
1.211096824018127549e+01 1.109978782518038898e+01
-6.720290957675096877e-01 -3.847817824452555158e+00
1.252177808827666183e+01 7.557296146233195344e+00
7.852969801261895810e+00 6.406272810028877274e+00
-5.220089893719302765e+00 1.428399252916599238e+01
1.287089237942559805e+01 -1.062473940168823816e+01
-1.102732687640551390e+01 -1.731233369494340479e-01
-1.165326844320043165e+01 -4.958878619518053199e+00
-1.362522240225053594e+01 9.332922120359189222e+00
-4.979401063695757301e+00 -9.637454345179634174e+00
4.665212200437451884e+00 1.186291675346928898e+01
1.425371205681599562e+01 -8.537993749007029010e+00
-8.972256970767253037e+00 -7.134115995393276677e+00
-4.054939041106898401e+00 -1.504908913662125158e+01
-9.075765763659557450e+00 1.378868930934255488e+01
-7.431400922964918720e+00 5.092772407828245917e+00
-3.030079469206894416e+00 -1.206325524135837313e+01
7.704200252949526373e+00 -7.700495767791881718e+00
3.328491445571966523e+00 -1.631360223681549115e+01
9.520112426990571919e+00 -1.196874940279497324e+01
-2.460879946374618044e+00 -9.573750653707975289e+00
-7.669981474991823589e+00 1.302712195973134968e+01
-4.983348975958040938e+00 -1.181301373786238784e+01
5.354352089280567384e-02 -5.776239432891964398e+00
