# Antenna elements layout
# Station label: stn.393.E11-1
# Number of antennas: 256
# Station diameter: 35.00 [m]
# Antenna minimum separation: 1.50 [m]
# X[m]  Y[m]
6.266160045846710602e+00 -1.287464523890777812e+01
-1.566955206512972154e+00 -1.141239728310401169e+01
5.194312852767620114e+00 6.288455613732065075e+00
4.232382388396260353e+00 3.241241383748178606e+00
-3.258808220212229045e+00 -1.601097616188960870e+01
3.146101469791798166e+00 7.336739932450036861e+00
-7.581826348874891153e+00 1.349783308842728857e+01
-2.175749808640148331e+00 1.236687205402145295e+01
-6.316939392744933102e+00 1.127372214494179303e+01
-1.387080318034719362e+01 3.005197527452970974e+00
-3.016072292795561438e+00 -8.739524445663295893e+00
1.505851449060028102e+00 -1.456402658026670771e+01
-4.506688626780722018e+00 -8.009754301232128171e-01
5.272761914330136079e+00 8.013398532218811710e+00
2.742681427605365485e+00 2.734430936962471748e+00
7.245114262570062635e-01 7.381332589898441654e-01
1.189011249059952391e+01 -8.815452703656982081e+00
1.562537567742811717e+00 -3.744556635942025480e+00
-1.396053293338365542e+01 -6.880501832079891855e+00
5.139897742459165642e+00 -1.492050346607172173e+00
1.190045232573698897e+01 -5.866131466157717966e-01
-1.478195319919575290e+01 7.237944758597979700e+00
-4.808112600996604868e+00 -8.984379293645748277e+00
-7.364034536186423452e-01 7.212778642825682596e+00
-1.221570669562765943e-01 -1.359633752678370300e+01
-1.006738402016203082e+01 -2.662820958004521898e+00
-6.618443924863051109e-01 -1.550247596555578156e+01
-7.567581446626697073e+00 -9.325437587279136409e+00
1.609708984616300143e+01 2.661861072719766241e+00
1.222035987343880237e+01 9.512763147935324071e+00
1.156304268209432706e+01 -3.517291614948883094e+00
3.219360992890198503e+00 4.605137765038467279e+00
1.296755765474564726e+00 1.172176155540450537e+01
-9.576121948376208337e+00 -6.002397905795636035e+00
5.320752058378062088e-01 -1.893314806877009815e+00
5.804216222435645278e+00 1.533502406941130403e+01
1.030550899115987207e+01 7.512040972164722774e+00
-4.587513632477518755e+00 6.061264924083083372e+00
-8.544728897723626204e+00 -1.153374013787360042e+01
1.364415122940205194e+01 -1.715262487885834020e+00
2.420010941739967336e+00 -1.287088662040132192e+01
-9.508102042645131036e+00 -1.329378991532371757e+01
-3.189193721779099988e+00 -1.360021480772938496e+01
-1.008494021813431374e+01 7.481329250748267157e+00
2.281053248309177661e+00 -5.768408851842565355e+00
1.022117670595267924e+00 -1.190215047315129837e+01
8.684116200044400102e+00 8.036302656516301823e+00
4.242852302248891760e-01 -8.498512501279956055e+00
-1.437710217537791380e+00 3.660572339094422034e+00
6.158151384632279957e+00 2.319064575772856074e+00
2.567757708571317465e+00 -2.625764425915482647e+00
-5.462148341745649560e+00 1.465735416549293291e+01
-1.044249037514352629e+01 -1.112001538784396004e+01
-9.439822380315714412e+00 5.438497147572086021e+00
1.391141760606087985e+01 -3.685646793615388717e+00
1.582787391387579845e+00 5.383542605713920182e+00
-2.975313779997234676e+00 4.817209774253914389e+00
8.452243590434335374e+00 3.919937225515326418e+00
4.543957778718645812e+00 -1.423291301196390179e+01
-1.673689839618763386e+00 1.649021501556690339e+01
6.571321857046889647e+00 -7.956579493755878474e+00
-9.041135868312801804e+00 1.176209155792136585e+00
-8.148633375158256698e+00 -3.383759004871624398e+00
-1.235625193342126238e+01 3.882495188954234067e+00
-4.269739365568947065e+00 1.130017279567478283e+01
8.983404199953778146e+00 2.287689427219962823e+00
7.585534580980638708e+00 -3.227277285760486336e+00
-1.135795862187501015e+01 1.579295427297623178e+00
-3.264074808917433401e+00 5.101774065916444556e-01
6.354621608278929301e+00 -1.501823331280677642e+01
-8.115984527845906626e+00 2.637117475757282392e+00
-2.855696754833388695e+00 1.462290794165966901e+01
-8.147627904519424646e+00 1.000784700910221758e+01
1.617775505960782567e+00 -8.431367875841466741e-01
-1.889802300162157778e+00 -5.235839123421307306e+00
9.286162804712418506e+00 -3.608369265325091391e+00
9.630880286867853357e+00 1.020895574035291631e+01
-4.148811074501674412e+00 -1.164210175916117862e+01
-5.351234352333193556e+00 8.069032461615396556e+00
8.653095268783090432e+00 1.369042799655412423e+01
6.243655440423875547e+00 4.452416383964408197e+00
1.224422127451227027e+01 -1.080851658500642642e+01
-1.598042711510684910e+01 4.023291632492654202e+00
1.050193933542317737e+01 -1.691724450466079333e+00
1.047904992785441891e+01 -9.909534468213417213e+00
1.232828817837879143e+01 2.706119628864549043e+00
-3.844407793338731949e+00 2.803475471613360526e+00
-1.431465254895053185e+01 -8.446509608099178834e+00
1.571726706542310836e+01 -4.082802836670484936e+00
1.325716771153833307e+01 6.140809150716862064e+00
1.207611099991805048e+00 2.546548905431087917e+00
-5.482598919398201431e+00 2.723211700888388265e+00
-1.503860596423800544e+01 -5.802122471414321581e-01
1.563779159840411381e+01 -7.471845909879490932e-01
7.751258510671373614e+00 -1.227518389911974417e+01
8.032483622606644502e+00 -1.026242350740822395e+01
9.478496311610946634e-01 -6.854079233768814561e+00
-3.721856584540596202e+00 9.204292543707552454e+00
-3.686748634233381949e+00 1.280775387651756247e+01
4.169042138924165641e+00 1.198077559461167496e+01
9.555619094345573217e+00 1.197190800633577012e+01
5.342978649363228527e+00 -6.168026803711333272e+00
-1.415995229030343694e+00 1.083350139474227092e+01
-6.464823931987780270e+00 -1.433283115569637722e+01
1.563437588916331578e+01 5.325660588177832722e+00
9.269775892950466556e+00 -5.379237043555804121e+00
-4.460261998869652800e+00 1.584443839565395962e+01
6.236503442664449892e+00 1.100588184671463665e+01
8.065896506844399738e+00 -6.665265594454957920e+00
-6.457521962800601756e+00 -1.154430124789647927e+01
1.408284238520641196e+01 1.093598331111493849e-01
-1.153168859699387916e+01 -5.063654224300314866e+00
9.971492469462315711e+00 -8.325877606541766340e+00
-5.003096834252021452e+00 -6.758645139916851008e+00
-1.530779107574029752e+01 -2.202890799700508495e+00
-5.474538392313874624e-01 -3.759199983985599403e+00
-4.824465986095344050e+00 -1.487574478236871123e+01
1.348332380073574654e+01 -7.028259223827660662e+00
8.445911629185864911e-01 1.520790392503059252e+01
7.201943425502463469e+00 8.604514887205283458e-02
3.120091702599832928e+00 -9.524406072945941659e+00
1.477208450494162406e+01 1.681461588195748647e+00
7.925338615415498111e+00 -4.693344383666001818e+00
-1.164789240173349860e+01 9.782767107845835142e+00
3.470712836384414857e+00 1.336843118112083317e+01
5.265673964171774912e+00 -3.258798822502901871e+00
-3.439841050173686909e+00 7.093899514461963207e+00
7.088501886216533876e+00 7.553830129483401379e+00
4.621817701031112335e-01 9.133565359381389470e+00
-1.386020012085279340e+01 -1.770043608908460797e+00
-7.315436570173057262e+00 -5.078495744725275429e+00
-1.006512762534809369e+01 -8.284866449225646079e+00
-3.820391309842765537e+00 -3.086148944640825675e+00
-1.198374782485393908e+01 7.124014788561279232e+00
-1.044724813650972628e+01 3.799516298338776465e+00
8.345744166614263548e+00 -1.380624480029422685e+01
1.115249819046666246e+01 4.976731629133254842e+00
2.587368079751175998e+00 -1.589776965424390553e+01
1.421061865993049622e+01 -8.859022270110544994e+00
-2.134083308314931315e+00 -2.683061518633273579e+00
-1.243098693530675369e+01 -9.355463868891554569e+00
-1.480495140282656052e+00 6.041564783866881783e-01
-1.161195148532418386e+01 -2.111957652883518222e+00
-9.870011845131532624e+00 -5.917330977571175765e-01
6.477238927994740436e+00 1.261054602405974734e+01
1.107670170878362370e+01 -5.518055192412882448e+00
-1.136659275727421203e+00 -6.848318040870527312e+00
-1.337330066108192206e+01 5.176260594989244623e+00
3.444724664172984063e+00 9.458116385806114579e-01
-6.914440493478529959e+00 8.354653493923422047e+00
9.093380706285753234e+00 5.413236414970352683e+00
1.215023542592811268e+01 7.288069417795711047e+00
2.227276854534274264e+00 -7.834624019006945161e+00
7.870527989407015923e+00 1.013062550950152030e+01
-2.863413421749882559e+00 -6.621277515010646653e+00
2.705011168932792032e+00 1.088462927551577053e+01
-1.384220857909626545e+01 6.656974893454901121e-01
-8.621864476551143852e+00 4.132294391527082666e+00
1.111823982491450380e+01 1.178909686885427632e+01
3.125494645798230664e+00 1.622008376608946634e+01
-7.730133882053987548e+00 -6.929677893121629850e+00
-1.054239463657129505e+01 1.275871444379595232e+01
4.983849662517478407e+00 1.268864901940503387e+00
-5.640795939741362730e+00 9.920783958126122570e-01
1.069194883715628919e+01 2.211769362175040499e+00
9.135109119939883726e+00 -1.143617052705457482e+01
1.375373978401667685e+01 -5.530903060873441746e+00
-8.027650753115283422e+00 7.042296559618602458e+00
-1.566121402255354234e+01 -5.529018747319238258e+00
4.284491503786789224e+00 -5.065399635363943887e+00
8.990679326624011480e+00 4.523270519568711734e-02
-5.936263358656475475e+00 -2.785644389235276464e+00
-1.160008653391253297e+01 -6.731928392543832018e+00
-1.455525210026324423e+01 -3.623050183182138895e+00
-1.028807839488809606e+00 1.444439807888877070e+01
-7.976767213599655904e+00 -8.121794357694334110e-01
-9.697618768231173192e+00 1.069695241090701288e+01
-3.074147599055478963e-01 1.260774879544579363e+01
-1.408522210525333662e-01 -1.039406399800888003e+01
-1.631016195634861177e+01 1.844666771867220945e+00
5.123172920414482689e+00 -9.361006234397329706e+00
-1.423426996281396129e+00 5.358771720275690598e+00
-5.093462787012757786e+00 4.246523217524167393e+00
1.453434383793680951e+01 8.114639524287884598e+00
8.210467214601290920e+00 -8.666657770007867967e+00
-1.272107729830923972e+01 -3.261406336291406305e+00
-6.796648512689460020e+00 4.671401695184730585e+00
-3.604714566912432971e+00 -4.606252428561999679e+00
-1.229619397797311642e+01 3.265860488762690750e-01
-1.312404202018571908e+01 -5.425562601814950980e+00
-1.344235171320107547e+01 8.011906603096363710e+00
-1.209421566691820793e+01 1.134575511295982153e+01
-1.721034208014351918e+00 8.912426063251967179e+00
-8.913080956426886914e+00 1.262068249168990519e+01
-2.638654379326858646e+00 -1.115064204536231784e+00
4.553451822568177931e+00 -1.128202482084360980e+01
-5.847423422183409158e+00 9.545485636143908437e+00
-1.553325307465964933e+01 5.867007839974270667e+00
-6.399372685842658726e+00 -9.992420862284596694e-01
-5.976817592042309002e+00 -4.388723438094569218e+00
1.313285462789497160e+01 1.304604971354358156e+00
6.298970993188881096e+00 9.401597522168849252e+00
1.819665389862130667e-01 1.674358909756781344e+01
-1.656324420743777992e+01 -5.783099793354509188e-01
7.344885438526727484e+00 5.764273993587146094e+00
6.975901535499566819e+00 -1.849197884243356071e+00
1.084749848734235300e+01 -1.204342639138257276e+01
1.526869026902587478e+01 -6.302312346115986230e+00
3.471333425304873543e+00 -1.262037063158270911e+00
1.475081417092749092e+01 4.062943404996019581e+00
-6.078972116534067993e+00 -9.811137777290454665e+00
3.837800283418570046e+00 -6.833334219356265393e+00
7.531073227671143400e-01 -5.030807656033948305e+00
-7.195956540016579694e+00 1.508811470557871814e+01
4.319940902436421482e+00 1.462303643782818341e+01
-5.693614656307465438e+00 1.280384669330198832e+01
1.611041115318820260e+01 -2.608923510729130868e+00
2.879566343545384655e+00 8.903550078671049306e+00
-1.700232492013185492e+00 -1.661338737084794914e+01
2.315433213475099450e+00 1.456347603978673533e+01
-7.900294446998424647e+00 -1.334402745673438773e+01
1.617142942096062797e+01 6.798644702764171655e-01
-1.110539439423596697e+01 5.413007462200699393e+00
-2.128059397165262823e+00 2.020263048121027083e+00
4.423986096765787579e+00 -1.586571637745804253e+01
-7.400452130561919972e+00 1.273130732665865850e+00
-1.631906724932179031e+00 -1.397334737096817037e+01
1.003073503784079890e-02 4.657541593191851348e+00
-1.018410729372915569e+01 9.234528021290348221e+00
6.117617163578170647e+00 -4.851872088969695795e+00
6.543072009704903991e+00 -1.066629222801072707e+01
8.601941390197950454e+00 -2.100522578549087527e+00
-8.665016631462552965e+00 8.582357521869965922e+00
4.147653600793656636e+00 1.014823170093940519e+01
-1.174575426401464284e+00 -8.391242646252447202e+00
-6.333740726405491017e+00 6.404461937099757307e+00
9.916201449283775560e+00 -1.343598501487939600e+01
1.301664149399303483e+01 4.567146264767007580e+00
-5.312576854124442249e+00 -1.260014105859280242e+01
8.193638149928155201e-01 6.936931605143801249e+00
7.500841358641114454e+00 1.485355328968877586e+01
-3.907241898299389504e-01 -5.404272651969854735e-01
-5.211036598599214642e-01 2.263898653918019477e+00
-1.212561117093715879e+01 -1.115786228444627781e+01
7.940347845651789527e+00 1.202601990131746135e+01
9.564371176973054389e-01 -1.668393932276998726e+01
-1.091806397783813054e+01 -1.264132266366865309e+01
-3.430920574387316790e+00 -1.029752526482143082e+01
2.409069841152273739e+00 -1.131569508729581308e+01
3.929282367393575726e+00 -1.270409840015446079e+01
1.334911528221745414e+00 -9.755670606392749633e+00
1.082337100588848955e+01 -7.063006463297259785e+00
-9.100675987817659518e+00 -9.684494760696313875e+00
-6.300002079195476057e+00 -8.313502825946338604e+00
7.508549129205782435e+00 1.641923385165295457e+00
1.052323691298211017e+01 9.111033487895880967e-02
