# Antenna elements layout
# Station label: stn.268.N4-2
# Number of antennas: 256
# Station diameter: 35.00 [m]
# Antenna minimum separation: 1.50 [m]
# X[m]  Y[m]
-2.594091494830635725e+00 -1.201747021070262633e+01
9.274404245393142787e+00 1.389490154501550023e+01
2.285919972034704983e+00 -1.175027418826111969e+01
-1.180378011949500205e+00 -1.447771940710971705e+00
3.960261545686524443e+00 5.170933058873856680e+00
7.926149508184359149e-01 7.618114394701049008e+00
7.348428912831135307e+00 -5.928670400139498753e+00
-1.081260073869388627e+01 5.103835587520762829e+00
-4.411801647792685799e-01 -1.449204763128004458e+01
-1.045204446004022003e+01 1.221519489647957002e+01
6.383231354550769510e+00 -3.752690896374403451e+00
1.513089292342357339e+01 -4.593336236682805662e+00
-1.441272365740657868e+01 -1.160537693067610121e+00
-8.479333160945756731e-01 3.067783521457158713e+00
-7.828080038057869672e+00 3.003333493545301991e+00
-8.468399873757258334e+00 1.154811201975896040e+01
-5.037328964531438302e+00 1.526766803607397094e+01
-3.587517500963507189e+00 1.130331533384666187e+01
-6.145196972875462293e+00 -7.639311886135423890e+00
1.598973534578706790e+01 -2.879397560404131085e+00
-1.573919789628052968e+01 -3.460254651205726617e+00
1.171490389025263568e+01 7.784142201696990782e+00
7.335828622951904521e+00 -9.463896973039609861e+00
-4.693594937403428702e+00 -2.429939251046963733e+00
-9.653680393603707444e+00 9.858576355954166814e+00
-1.321524936611679024e+01 -4.689429791395966163e+00
-5.849543518196655967e+00 -1.169000483822350311e+01
-1.409028026598009653e+01 8.718673171782796771e+00
8.071347770754755402e-02 1.378073100120854377e+00
7.935238010665788266e+00 -3.644228358624060249e+00
-1.283749233825293246e+01 6.843915301747689028e+00
-2.857099585369166306e+00 -1.600681841163968855e+01
6.137925587650670423e+00 -1.140476881548217847e+01
1.149542595763184849e+01 -2.021888533382034225e+00
-5.536264700247834014e+00 7.252381747933185352e+00
-1.608776182552403355e+01 -7.336117478854973228e-01
1.083709577240641053e+01 2.346907696287512834e+00
4.673559855608743874e+00 -5.880590681922452490e+00
5.190067958197523978e-01 1.130233203652343832e+01
6.040823278812851527e+00 6.728364184797065661e+00
4.688838422724867172e+00 -9.008448569842201437e+00
9.278056860694832153e+00 -9.647688323731351545e-01
-1.277568826524772305e+01 -1.047760985650107735e+01
-9.430335067018418727e+00 -3.362085244910415938e+00
-1.143706595813519655e+01 -8.643509222291099192e+00
-8.725923335513405377e+00 6.215965255130193157e+00
1.392021952756232395e+01 -7.302113182300624672e+00
9.946983547669489667e+00 9.861676911276756385e+00
5.819968490806814998e+00 1.487937131604172691e+01
-1.265106678964169618e+01 1.088479971110684019e+01
1.365041261149293561e+01 4.701841130965586757e+00
9.752426088592713427e+00 7.113361793559665358e+00
-2.137559559626104999e+00 1.430054628502291081e+01
2.828636408660347712e+00 -4.787176583171966371e+00
4.215415842646493161e+00 -1.162048353763949393e+01
-5.799794588587131372e+00 -1.504071731284260949e+01
9.136768891482695665e+00 -1.333862212477008846e+01
-8.300009203184146145e+00 1.431473776465014680e+01
-9.162891812874487840e+00 -1.440367406214445367e+00
-8.189831811269030482e-01 -7.843230539961865588e+00
-3.205070851346036420e+00 -3.272408709029772211e+00
2.044592266917554468e+00 1.477723192081314352e+01
1.434878380186831848e+01 -2.744118400812922687e-01
-1.327865002143245832e+01 3.638492864401523974e+00
-9.282534569492177923e-01 -1.126321555698886456e+01
1.064035302982151876e+01 5.540129076640329941e+00
-1.617560623928854113e+01 2.652111154404060755e+00
3.602042608914317157e+00 -1.622223115193384047e+01
7.389939594875400530e+00 2.661638186131018102e+00
6.073323915281907404e+00 1.106579166636355538e+01
-7.478537294846962169e+00 -1.143754382496548949e+01
-7.866047422317915760e+00 9.880606587205580382e+00
8.344529735555834549e+00 8.270249941360088286e+00
3.386183814163292283e+00 -7.210280752728253972e+00
1.423649521852706812e+01 7.922152607899704435e+00
-1.527666562843036857e+01 6.055268532835448525e+00
-2.611478276034944201e-01 -1.274088284834540374e+01
-9.162507568878577757e+00 2.139909253338363015e+00
-4.476479644940404512e+00 1.280388076224824090e+01
1.020535233244365614e+01 -2.866518584292837346e+00
-3.263090283058197372e+00 4.761558562389122784e+00
4.828232393201776773e+00 -5.832459858175873535e-01
1.198529855722585680e+01 -1.101241956534090960e+01
-8.727546941932567748e+00 -9.295663618667903805e+00
7.617620712929394244e+00 1.288826677231632800e+01
-1.188429598087505923e+00 1.007268929141970659e+01
7.452862654096517048e+00 -9.008609395024791411e-03
2.250621454583921377e+00 7.542098608270499938e-01
-3.026970114434345049e+00 -6.142886573245279536e+00
1.313448062649765902e+01 -3.774164257053378435e+00
-5.497055172599800699e-01 -3.999255495469219213e+00
1.389655849232720897e+00 3.738058377669226218e+00
-4.561630214649396109e+00 6.522649709004397778e-01
8.833116874583943456e+00 -5.163376681780896149e+00
-1.318148099261669159e+01 -3.036946482398784397e+00
1.238151248797991499e+01 5.941231032723173655e+00
-7.431982967274700869e+00 7.498895536588257471e+00
-3.189952641928710975e+00 -1.399846878632477143e+01
1.215152268810683367e+01 -8.627811816690426738e+00
7.711755630164194741e+00 1.121290194694859466e+01
-7.613773782882750751e+00 -1.483671972542013151e+01
-1.008534159350644899e+01 -1.049019047246453340e-01
4.863331328318935221e+00 -1.489725499597436098e+01
-1.067672860888971442e+01 8.068300142509617245e+00
3.280006102151936886e+00 1.604878681578328070e+01
-6.889784506149135623e+00 1.268120927183652924e+01
3.038168056411311824e+00 -1.044641649136207207e+01
2.439255782995758182e+00 5.769033769542520673e+00
1.091175744897583400e+00 -6.812010148335776449e+00
3.438238421686467206e+00 1.141549738627145771e+01
-8.885457873868336520e+00 -1.217309211687105908e+01
-3.170751851907212426e+00 7.832644158666361989e+00
8.765155638766433555e+00 4.907802306641720236e+00
5.112370863196311177e+00 8.718044612967243978e+00
7.646972006471152383e+00 -2.117930855396355838e+00
1.920527437473374732e+00 -3.414426782033725516e+00
1.144645845978178755e+00 -3.583242801746777673e-01
6.385483776200402417e-01 1.531727928043939357e+01
-6.108202320992342393e+00 -3.735339728195105735e+00
2.186170642015309085e+00 8.322439082492003593e+00
6.559956257203275243e+00 -1.312615530146405618e+01
-1.488323396619217753e+01 -5.470370289482413995e+00
2.525325252404762466e+00 -1.690406560516139578e+00
-1.321035458020906361e+01 6.587495328041228504e-01
-1.431402160344003249e+00 -1.650989148805495432e+01
-1.152317023260582474e+01 -6.052940709158864507e+00
-6.491187515256486407e+00 1.682731692751037400e+00
8.521818643420179029e+00 -8.205764794527269146e+00
-8.268358483208693599e+00 -5.465049167773784689e+00
6.080441970752541891e+00 1.289102802829653882e+01
1.302204383079111238e+00 -1.393529907720272831e+01
1.172219307537037025e+01 9.623067951277946008e+00
2.470184314469587861e+00 -8.969874586522044169e+00
-3.464112496681286402e+00 1.788337544035744742e+00
4.869386259744796774e+00 -2.500583080627327703e+00
-9.978587118372621134e+00 -5.072773721056053731e+00
-2.146012437550973928e+00 2.571599556703070277e-01
9.195883953819556922e+00 2.626440648247314158e+00
-5.241941908941816664e+00 -6.033302157975533930e+00
1.433382387509090350e+01 6.276962377019231099e+00
-4.303990822399720528e+00 -1.114183338012838576e+01
1.055991185055889048e+01 -8.178609808904724332e-02
9.169740198221816740e+00 -9.981513168593034280e+00
1.035314119465098415e+01 -7.523553057033586455e+00
-1.130853618183525988e+01 -2.767991698780720711e+00
1.250803570927357811e+01 3.152952601719725578e+00
-1.480835207526611441e+01 1.071691147720482462e+00
-1.898651580867872113e+00 1.202846867968915490e+01
1.629194792040242845e+01 7.070618730647879602e-01
-7.886355485102249929e-01 8.153377357995136521e+00
-1.224552913006047383e+01 -1.069034101610668586e+00
3.770731466227399409e+00 7.319498341891627291e+00
-5.240121081880801057e+00 2.867357505872242029e+00
1.532431663967421542e+01 -6.499550329331512444e+00
1.546035668820486819e-01 -9.808236195319066653e+00
-3.710023684410018063e+00 1.423107897203030703e+01
-7.981527677042587143e+00 4.626363278271966806e+00
6.941217514897445540e+00 5.087551102462860797e+00
1.267884461732700174e+01 1.562513223022165221e+00
1.212475581476092401e+01 -5.702008117684636446e+00
3.600776514112066451e+00 1.402795139059741203e+01
4.893453410707842011e+00 1.444171356824032415e+00
-6.392805637695282428e+00 -8.183694096450757627e-01
1.369272394900891854e+01 -9.393807793179343335e+00
8.881459901709760629e-01 -4.830222957246586901e+00
-1.180951192263784577e+01 9.060926007468658838e+00
2.874316072631966534e+00 3.417127417092711283e+00
-1.493177971731435072e+01 -7.170142313322179106e+00
-5.061586435917924121e-01 5.015828917951793642e+00
-5.247651058685631753e+00 4.527621436530488097e+00
1.360933158673159937e+01 -1.714333030186661944e+00
2.171186952040951468e+00 9.866529632218934864e+00
7.264223826201636314e+00 1.445195154176778729e+01
-6.282447161820286397e+00 -1.320899776415648752e+01
7.719479648935418936e-01 1.311364897031802101e+01
-2.910161157040596080e+00 -9.850236760127991431e+00
1.610673437946066144e+01 4.460695413004035714e+00
-1.476769795034623911e+00 1.653829428270725543e+00
-5.324852671218717859e+00 -9.786835853514411099e+00
1.492720922453362675e+01 1.380728159827864232e+00
-8.171312371622292403e+00 9.873958695460665069e-01
4.898012441222007851e+00 3.271309265468584471e+00
-1.405513401571354848e+00 1.610692457443440873e+01
-1.084280894354944103e+01 -1.004393768378906771e+01
-5.599156483022630582e+00 1.130884666043150943e+01
1.067739725186401145e+01 -4.473707167202821466e+00
-4.106853769878712868e+00 9.399980697100541960e+00
-9.733585769287852685e+00 -8.045640332602664202e+00
-1.160078610742593419e+01 -4.355403309603810058e+00
-4.479665157342450854e+00 -8.453880242482599172e+00
4.582228549264542039e-01 -2.060398249280673610e+00
3.052253544973314803e+00 -1.365709276919964488e+01
-1.342793335698632617e+01 -8.435205130962035724e+00
-1.034619329085548500e+01 3.629739769746368694e+00
-4.763409747840425368e+00 -1.389592149051929582e+01
-4.362437824348205595e+00 6.112779306459358963e+00
9.037785305741760311e+00 -1.179634688836348388e+01
-5.635258216599705605e+00 8.939601164106807829e+00
-1.450507451568066841e+01 4.692694624334887266e+00
-1.231283827777568263e+01 5.256883295036772097e+00
8.105249699250290263e+00 6.420666577036794109e+00
1.070273848938763805e+01 1.223441086410081269e+01
2.274513802192142720e+00 -1.549221470098565234e+01
5.974980462888712651e+00 -7.369413108216505748e+00
-2.896254137083284164e+00 1.593835286021099051e+01
9.509103697731006832e+00 1.131544269591446650e+01
1.597025016882852810e+00 1.654441009727241862e+01
-4.485706730460863767e+00 -1.612635972840857335e+01
-7.700879895749132231e+00 -2.402293316632372111e+00
-2.000785718132577884e+00 6.379977312625356944e+00
-1.636797783411879337e+01 1.146385682679859741e+00
-1.069281861372892450e+01 -1.174155069845764032e+01
-1.607921388840834354e+00 -5.398382827503246162e+00
1.475864226773191490e+01 3.611342792083515718e+00
-1.158320729803705973e+01 2.466975619062196756e+00
1.085586689606486388e+01 4.025547843289931649e+00
6.782785673661852144e+00 9.137675922689535213e+00
1.955372455154716249e+00 1.181873993454943772e+01
-2.369087581607418613e+00 -7.631635933497177504e+00
1.090867780178723834e+01 -1.241341647931388081e+01
-6.668174040422961468e+00 1.457258503022642060e+01
1.546486427679529640e+01 -1.287908831486934247e+00
-7.667668867676690425e+00 -6.844872379917402938e+00
-9.500666147756655633e+00 -1.378210949551215236e+01
8.928480517815380324e-01 5.612169406294995611e+00
-4.048613903330604558e+00 -9.339377544890865579e-01
-1.103806867656009416e+01 1.044421056431971806e+01
-1.127745195019469193e+01 8.929279235622580302e-01
9.105600997217901948e+00 1.023190665983985781e+00
-7.292793356075476296e+00 -9.746690714093610097e+00
-1.612887598256329014e+01 4.285395030116013970e+00
3.565600826561077241e+00 -3.300529126201132257e+00
1.369425016475372203e+01 -5.341548718760771308e+00
1.326317092869321002e+01 9.147918552941398218e+00
3.122867622307303748e-01 -1.582098724951941193e+01
6.486237253102931533e+00 1.348892314851333651e+00
3.424391531612673845e+00 1.837522959749286144e+00
7.473306199007158312e+00 -1.455643225881796354e+01
5.839794036427861101e-01 9.396197086729614512e+00
-2.768000323595778411e+00 -1.748782873744080035e+00
-4.319185991579383099e+00 -4.484331944172167184e+00
1.615865392260959510e+01 2.505792121494760494e+00
-9.000295594895245443e+00 8.166496438100985245e+00
8.939716342272962635e+00 -6.751600051411578818e+00
-6.616024251072087026e+00 6.121257061843937919e+00
1.258233854655766848e+01 -3.635556789203953088e-01
-1.254737000888917464e+01 -7.173247350190750993e+00
6.135666171965780791e+00 -1.639671862129871371e+00
4.893321841721874677e+00 -1.337839998911057471e+01
3.769971402920582193e+00 9.483337692561779164e+00
-9.739517109065509715e-01 1.332336781843381956e+01
1.085627611285809024e+01 -9.611831616863597105e+00
-2.782011632033269066e+00 3.307660731236136797e+00
1.190248663722355715e+01 1.122536772488407308e+01
-1.466578452113303577e+01 2.938300175154239469e+00
-6.705034448931224134e+00 -5.377419483259906485e+00
