# Antenna elements layout
# Station label: stn.278.S1-6
# Number of antennas: 256
# Station diameter: 35.00 [m]
# Antenna minimum separation: 1.50 [m]
# X[m]  Y[m]
-1.200545430775994760e+01 5.813048058199253632e+00
1.560649088495154757e+01 3.472647525576633143e-01
1.669162633091964665e+00 -1.611180500839741470e+01
6.692716244585977137e+00 8.304175123527215874e+00
-1.300170314405910688e+01 1.035946339027619345e+01
-1.363080174602631089e+01 6.585441655311239373e+00
2.293204120402140944e+00 -3.077322885416405640e+00
-3.606791917789056612e+00 7.331468986719308134e+00
-1.578638079661191540e+01 -5.416015437459217097e+00
-1.117889747643706855e+01 -1.121918617673684793e+01
-1.231258141930171135e+01 8.228578231330207160e+00
2.250824347844758933e+00 1.268834432801278567e+01
-1.299196766651835588e+01 1.357047776477752876e+00
-6.108673103089499179e+00 1.537595202060648347e+01
6.880005930683608995e+00 -3.375987314134780704e+00
-7.030224292961575472e+00 7.590409172327621690e+00
-1.092038183841292920e+00 4.412287666827225507e+00
1.030917574059270692e+01 -1.195887872968705778e+01
2.913678672526746283e+00 -6.498305800374104990e+00
1.054847279687861317e+01 6.149035029196188162e+00
3.957163414520650235e+00 1.936613843685531577e+00
-3.628086662429268472e-01 -1.337443000965897433e+01
-1.129780423626923636e+01 -7.343125342897288022e+00
-7.179802433191390776e+00 3.205476385529237859e-02
-2.015889560797178959e+00 1.025182003075494563e+01
5.492558567311363049e+00 -1.292999704804862660e+01
-1.338135381927153311e+01 -7.307899283632185217e+00
1.605595916744714913e+01 -1.834597463418305097e+00
4.743048226386125776e+00 -8.500595634229622277e+00
-6.712017955836405037e+00 4.057230854932463160e+00
8.935403884738128966e-01 -8.901351662711331159e+00
2.692432670005363349e+00 -1.169711986394965209e+00
-9.497148772517810755e+00 -1.305818780162060477e+01
4.020182514327395040e-01 1.567178006359911535e+01
-7.895927585046669250e+00 -6.788373382758269514e+00
1.331586397635597052e+00 7.955698372719993472e+00
-2.794847168325917508e+00 9.549175567636645212e-01
5.948349061368549684e+00 -5.995092173294679583e+00
-1.083599177901944266e+01 1.407630611566261791e+00
1.482020265294469397e+00 3.262636680520195398e+00
-1.014086799699988362e+01 8.788605105333907375e+00
-6.214754456191132093e+00 1.092169741564025998e+01
1.056534775284034566e+01 7.239011023989121441e-01
1.178554675972696231e+01 -5.309517145572261398e+00
-1.023398613064606621e+01 -6.202853886155875074e+00
-1.311459849008830503e+00 -3.402168830330408511e+00
7.069146813268929463e+00 4.191420973771130321e+00
8.549762552713460195e-01 -2.628092364345292253e+00
1.095378477525416017e+01 -3.444296707945500913e+00
-1.797535475693313956e+00 -9.734273977468120620e+00
-9.382598377990243321e+00 -7.781259819571610947e+00
-5.180569781293852927e+00 -1.238090005133778604e+01
1.334006506149289351e+01 5.397916594403589841e+00
-4.739901647888190794e+00 1.028474823810158156e+01
-7.439447431462767213e+00 5.639590262138227672e+00
-2.863562940259525291e+00 -1.447381727741425550e+01
-5.058683734572172241e+00 -9.366369491131507630e-01
-7.268186417182540993e+00 -9.929499840820026790e+00
6.011202694763881027e+00 2.705003550465644224e+00
-1.122719690854598440e+00 -1.122776217244681263e+01
-8.599124951620495949e-01 7.532830592279722737e+00
1.495879389145511595e+01 -4.949421696775242907e+00
-5.798171368292491579e+00 -8.088560033617845590e+00
-9.679287376436985113e+00 1.211466086129153297e+01
4.132321562343857835e+00 1.358746478989938211e+01
1.320273791305883293e+00 1.053372102063167404e+01
5.286238753872680718e+00 -1.486871720280420917e+01
4.023586867302821446e+00 1.580366450625465546e+01
-9.241197520955850564e+00 6.125989653519766875e+00
1.159677412351634729e+01 -1.117710017550387036e+01
-9.086903633575063921e+00 -8.466631568513847128e-01
-1.416262263175144298e+01 -5.598447198431344418e+00
1.104597826612373268e+00 -9.457102501022873753e-02
8.420015179113196524e+00 1.427089540686467117e+01
1.098799416697666231e+00 1.374608821907933631e+01
7.641759779532733887e+00 -7.108286106893874745e+00
3.217745950871481853e+00 -1.284321109905965486e+01
2.416382996068620059e+00 5.492223976254660300e+00
-1.300594734633627070e+00 -5.183273911699629366e+00
1.012727616977007727e+01 8.486524958475513358e+00
1.416363648485105386e+01 2.002282584780978425e+00
-1.228211161609756985e+01 -3.759104429383199886e-01
-9.082189019599599789e+00 -1.053495070919709420e+01
1.149365936358311302e+01 2.730048703263488363e+00
-3.375532407583916594e+00 1.314983475625970755e+01
-1.352295906730629582e+01 -9.125390991948377106e+00
-7.964071420320202321e+00 9.034949725724622738e+00
-6.089003968219129703e+00 -3.055919013974781606e+00
-8.355193728744040982e+00 1.284855830054753767e+01
5.583871616006987892e-01 -5.007041500684238144e+00
6.890187405260785880e+00 6.445607444716959122e+00
-3.928635467313533525e+00 -5.974587580091435868e+00
3.388463799613877114e+00 8.576202048463855476e+00
-1.959441215892812949e+00 1.501083815269534938e+01
-4.457099335944267438e+00 4.391496919232498186e+00
1.373691520983950198e+01 -6.885014500472825816e+00
-1.577196964458704187e+01 1.516260979816625110e+00
-1.649459371117323769e+01 -2.633123034953444019e+00
8.582883825465042804e+00 -1.067898619384507697e+00
-1.148868288468949395e+01 -8.850313651262794679e+00
6.544453773606122127e+00 1.092452832773670224e+01
-1.184815687488987379e+01 -3.236087857543896718e+00
1.214283506881032082e+01 7.063971825394265380e+00
1.204994213277652904e+01 1.054440599372444609e+00
6.567993959903013490e-01 -1.468954471263152861e+01
4.317820183359554420e+00 -1.409673652053420767e+00
-5.635850785364645787e+00 -1.551995300428938052e+01
-5.571061800685813026e+00 1.322243950917172839e+00
-9.382162478756255197e+00 -2.358015638161875316e+00
3.088365503514243215e+00 4.058528176553839018e+00
2.735724153225003619e+00 1.436351573841275808e+01
-1.098042940401562362e+00 -4.001197036177295274e-01
-3.598683246546084291e+00 2.321955864153427029e+00
1.230383701451480150e+01 1.009150039463702342e+01
-5.800829634994540740e+00 -4.592006690344721420e+00
9.672083865447881124e+00 1.292495836158864719e+01
-6.812828305516386962e+00 -1.299800298612618121e+01
1.483686667764683165e+01 6.468297273288801108e+00
8.519348604242850342e+00 1.159276374200247162e+01
7.199940779523046785e+00 -1.328138516600192531e+01
-5.360767915019248875e+00 -9.805326298062215784e+00
1.382091518760570992e+01 -1.261676166310088831e+00
3.783809953671759985e+00 -3.453117227543350154e+00
-9.923151946671470824e+00 3.331491762766418674e+00
-1.476979912910714177e+00 -7.400907495890409749e+00
-2.442452138951029639e+00 5.087656148413469026e+00
-2.465804497671168605e+00 3.500111510732423881e+00
1.160588944265736089e+01 -7.135827554824322405e+00
-9.738594555781361350e-01 1.166489754696766923e+01
1.596772222982121292e+01 4.788937978019252029e+00
1.286187878863247747e+01 -4.247517183903621429e+00
1.218018398837727645e+01 -9.603603746812300557e+00
6.154689476681102889e+00 1.535886046693087792e+01
-3.109424568657885857e-01 -1.620545009692490623e+01
8.158443253143307317e+00 -1.059597095390841126e+01
-1.282949884742914470e+01 4.426198724679970553e+00
-8.862357376749145033e+00 2.139912419118040532e+00
6.505750257484493204e+00 -9.891675453604168666e+00
2.399455289565295857e+00 -1.084450557087410338e+01
-4.838084630274749998e+00 -1.395599706260090400e+01
-4.781724200878759490e+00 6.101083027029467587e+00
-1.455392508503579307e+01 -3.259760768782644647e+00
5.761569911526294163e+00 7.904622656391637747e-01
9.749933258218867138e+00 -7.520724831837714675e+00
-5.948875724902695339e+00 1.318818282111262263e+01
-3.407250682010150911e+00 -3.401282773439449514e+00
4.888792854833489798e+00 4.786514646452001642e+00
-3.081523421602621937e+00 1.635368249605289748e+01
-5.945621275824848340e-01 1.297439961911130979e+00
4.482045139585654425e+00 -1.104668469595705993e+01
8.586811002513847768e+00 3.624946013785475429e+00
8.053834448858292916e+00 -4.684303587063835650e+00
1.145629486892016757e+01 4.558003564624446113e+00
-7.923306873633716663e+00 -3.892842531472995304e+00
4.866186083562215714e+00 1.108366759930503065e+01
9.013266520063144327e+00 7.479773650544956354e+00
-3.199700280972589184e+00 -8.914190298151289937e+00
4.132369773058282902e+00 -4.947799844295561300e+00
1.031007647779849989e+01 -1.035093856653261923e+01
9.393353367893354289e+00 -1.378463026387682966e+01
1.382408223022721572e+01 -8.928790825425021893e+00
4.672125076589949799e+00 7.571146055851585288e+00
1.384273468367206661e+01 7.925200227203205827e+00
1.055012138944803723e+00 -1.215149443584329525e+01
-1.113757474374231649e+01 7.279083945590738125e+00
-3.280579150483404760e+00 -1.172807213940417626e+01
3.994330451494420231e+00 1.919714238028689124e-01
-1.341296832824707508e+01 -1.587689568344559987e+00
7.693913501789207743e+00 9.493626949604365706e+00
8.515525393538819543e+00 5.433713391394729086e+00
-1.504539656414262261e+01 4.369307781519101042e+00
9.968582446954190601e+00 1.098633159238685053e+01
8.442064042867713169e+00 -2.887122674114674936e+00
-1.119252816431440856e+01 1.236578340434937928e+01
1.922666416392441846e+00 1.660171050209644505e+01
-5.542904963149506870e+00 8.812285688731488875e+00
1.606699337529912697e+01 2.373429754864407215e+00
-1.244396678870593931e+01 -5.992299637086020425e+00
3.678137760464217365e-01 6.667887872119557358e+00
9.849840559552536234e+00 -4.861710669343315416e+00
3.133479430079983530e+00 -8.569733019701549992e+00
1.042896318450869231e+01 -1.509680863941639473e+00
-1.233876826658690895e+01 -1.025691891926047816e+01
1.219941464643930473e+01 -1.182101829902457268e+00
-3.778056006675072354e+00 -1.567414280457680853e+01
8.837789839345369103e+00 1.567217820911231740e+00
-1.491247268145349381e+01 -7.074434587239117889e-01
-1.643481903689571055e+01 -5.573267864438520292e-01
7.258992621392678757e+00 5.922551616850313394e-01
6.053502012021159118e+00 -1.475575397596973204e+00
6.098810245808831354e+00 1.266619786485504662e+01
-7.261360006218257723e+00 2.635188917424617472e+00
-1.126912720010806979e+01 1.000449513460148054e+01
-8.250884801310171213e+00 -1.439182893598297852e+01
-8.962074231837618754e+00 1.076115163324382351e+01
-1.017072026450183486e+01 -3.725375838940239603e+00
-7.872537089269652455e+00 -2.302382772862168636e+00
4.748078675559835204e+00 -6.906897505873283549e+00
-1.539746632721102060e+01 6.576989937927404384e+00
-9.331651730154982616e+00 7.055956624514543307e-01
9.031810125248647125e-01 4.848212512589917367e+00
2.050168949043378319e+00 -1.397521438610293920e+01
-7.261170868842512505e-01 2.870335339884675818e+00
-1.445213740713079176e+00 -1.515437728553509444e+01
3.392395844955345297e+00 -1.530428855444389491e+01
-6.795577489647932623e-01 1.373378026197167401e+01
1.374168877195030092e+01 4.909115883444030715e-01
8.729460167585614272e-01 1.799789474001983081e+00
6.345439797212101496e+00 -1.155242039457370140e+01
1.403138697119559453e+01 3.862081918731753660e+00
2.424012470904248318e+00 9.139816791423243103e-01
-8.081421003065448971e+00 1.447428277810110231e+01
-9.280421702490791347e+00 -4.982563359607789621e+00
7.794436582027692850e-01 -1.049768060495079069e+01
-1.434166385254806997e+01 3.039153469701183496e+00
-2.361365061462198156e+00 -2.025603376707174164e+00
5.301297055010966375e+00 -3.236956463571567966e+00
-2.047173876921526414e-01 9.481535750069358670e+00
3.299460213909878092e+00 1.143051306029713032e+01
-7.894711249690812949e+00 -1.157151656233826031e+01
7.246971255267091294e+00 -1.499351896204511903e+01
6.269980351484740311e+00 -8.220132205650362067e+00
1.138106724787068202e+01 1.175755390613680973e+01
6.515142318429987256e-01 -7.339442514851995725e+00
-1.098617941987152413e+01 4.659460835710785176e+00
-1.427568098832970733e+01 8.728060130939400807e+00
-1.203750766660260751e+01 3.121365657244854930e+00
-6.120086227746458718e+00 -6.161631127624735527e+00
-3.217560267812494601e+00 1.149501401231334086e+01
-1.091415700012126777e+01 -1.714835865855208752e+00
-3.125404018622356617e+00 -5.185845256141483617e-01
-8.977484517056108615e+00 4.528724344361723553e+00
8.896524233427889783e+00 -6.104662076904599388e+00
-1.875393993339484311e+00 -1.275894809239562200e+01
-2.129559820075257903e+00 8.509770293363722260e+00
8.696824814725214736e+00 -9.162915507338377452e+00
-4.353666331617574770e+00 -7.591796018860151207e+00
1.520680699033239591e+01 -6.433213461973645408e+00
1.379805121953818059e+01 9.441987969188655683e+00
1.508505712261087695e+01 -3.004494542813773705e+00
5.302594092668627468e+00 9.020394059621228422e+00
-7.697345501208486596e+00 -8.480003195459014265e+00
1.077008580890349521e+01 -8.640338079013817563e+00
1.002135518190870656e+01 3.142654021889775606e+00
-1.442286788537380460e+00 1.663694079454029406e+01
-1.523650780895617984e+01 -6.854027833689769977e+00
-1.049811369191181853e+01 -2.478100802927656332e-01
-3.503043751695043895e+00 9.280253413864574696e+00
1.346517623555069321e+01 -2.775882611872393824e+00
4.952933852728698128e-01 1.197488267632667913e+01
-1.130443246910821387e+01 -4.711567995422331734e+00
3.737050690601687819e+00 6.324941805163604158e+00
2.179595764091072141e+00 -4.703806944234310450e+00
-4.236990435687213008e+00 1.512800649640963258e+01
-2.261704667922794343e+00 -1.641626295761732734e+01
-5.323498248444401781e+00 2.971275313422715669e+00
