# Antenna elements layout
# Station label: stn.005.C5
# Number of antennas: 256
# Station diameter: 35.00 [m]
# Antenna minimum separation: 1.50 [m]
# X[m]  Y[m]
-6.926248413111869340e+00 -7.423903350116994204e+00
-1.759726031224481346e+00 -9.370707397553251994e+00
-1.400345416459488135e+01 2.046421725483480003e+00
1.591492752758218643e+01 -5.158738822304155036e+00
-6.390921305127760021e+00 1.184536712248284474e+01
-6.661343547467129866e+00 2.889563663209163025e+00
-1.565036502662865203e+01 4.034173080882275997e+00
1.087146949823929987e+01 8.961133718183173613e+00
-1.608517897997568724e+00 -5.744768465104280963e+00
7.701569346666289562e+00 8.159897420981192084e+00
6.901424757737927962e+00 9.659691624790262665e+00
-4.179323489319786589e+00 -4.181378691759007893e-01
3.621120255346184535e+00 6.217398827188407751e+00
3.942640204988343555e-01 -1.408833428131491239e+01
5.616520677491010360e-02 1.453015812887172586e+01
-8.197975566917037327e+00 -1.433704583144999312e+01
7.057227301569227507e+00 3.171928680873353557e+00
-8.672477918815788556e+00 8.578533187831958173e-01
3.748967021919789033e-01 -1.815902617718224477e+00
7.614381042738983751e+00 1.277152718979915491e+01
1.513590847704962528e+01 2.624817714440936811e-01
-9.812384777588249563e+00 -6.855462097671971122e+00
-1.641493139766451392e+00 -1.220604406691805366e-01
8.619560138748060041e+00 1.417877346640568703e+01
-4.271661478719686045e-01 1.140161701219135892e+01
-1.079650411986838776e+01 9.340838720133106676e+00
8.426625890180385881e+00 9.661498503589577069e+00
-9.996237683537341212e+00 -2.785200996365867709e+00
-1.301615576846116085e+01 4.524904042454991782e+00
1.896081299276168863e+00 -4.376961320369201047e+00
-3.249159374605437023e+00 -7.253251620186917492e+00
1.019696241025660655e+01 1.051537142435713790e+01
3.217469016205637189e+00 -2.326989259374130370e-01
-8.102084864040207890e+00 -1.032745954230215091e+01
8.686735612430688036e+00 -5.652246356181716891e+00
-4.467825506014314385e+00 -1.336755363065530133e+01
-1.289561483700037314e+00 6.388693739092552448e+00
-9.744570584744757014e+00 -9.810036977565697924e+00
1.109002792427424211e+01 1.302986521975633138e-01
4.740803777133837826e+00 1.830549302420504176e+00
7.389656609818946009e+00 -9.050058101993293747e+00
1.396694924602298826e+01 8.531560361744656262e+00
8.702294568923644391e+00 -1.757651809120229558e+00
-6.074629891854511854e+00 1.011420463473897513e+01
-4.431983410648282273e+00 7.580073145441296845e+00
4.263953365058277711e+00 1.258286562328468605e+01
-2.529529412996422977e+00 2.781083597163725329e+00
-2.449999324704386083e-01 -7.936681174594916399e+00
1.315366414727939315e+01 -5.440736513331078328e+00
-1.242417989664251010e+01 -2.062467778391338769e+00
-1.125716816170826995e+01 4.477310411167529480e+00
-8.274295597554431225e+00 -8.606435459641501140e+00
-1.170504137891527385e+01 -1.125610352141476866e+01
2.229330144157803062e+00 1.668912048610494026e+00
-5.971687261600443719e+00 -9.372000119242116511e-01
3.705975147007290360e+00 3.738508292617382267e+00
4.470834855816846698e+00 -1.309626324848265355e+01
8.737022552496124916e+00 -1.279409237366479601e+01
-3.771677319745180057e+00 -2.813932048179337286e+00
-1.251718810915427937e+01 6.845075156832091778e+00
5.341679500993002705e+00 6.872362896922485476e+00
-7.666344267508131693e+00 4.603975995569143720e+00
-6.963946083244810126e+00 1.448632563668332196e+01
1.183513210623422651e+01 -8.006998928373350921e+00
1.838644582174673303e+00 -9.813895305249385359e+00
1.400268414213670098e+01 2.266055070358660828e+00
-1.305373418278612974e+00 -1.611809435300479976e+01
1.131232324701565872e+01 6.985536594316599235e+00
-3.064701032621854893e-01 -9.951511833864620016e+00
6.292546884585963340e+00 -1.346972875334666142e+01
2.393777847004606940e+00 1.575962387666866249e+01
8.150324932056349780e+00 4.456346429310134027e+00
-5.268226398074592254e+00 1.446096238557803559e+01
4.898033180313369428e+00 -3.636480383372626690e+00
4.607526520583867580e+00 1.489396975141242763e+01
-1.382887470228763860e+01 -1.065778689311979832e+00
4.021651976190344868e+00 -6.781715458113319883e+00
-2.075984845497087505e+00 4.885847282060954200e+00
-8.660853125549133225e+00 1.118741761419028791e+01
-2.624236727068568698e+00 1.019883747833475951e+01
4.049873076836785657e+00 9.532686714545867801e+00
2.567486343108011937e+00 4.825874404307700871e+00
1.223405311422564168e+01 5.478137712381617064e+00
2.308732244439486436e+00 -1.485382564488887169e+00
-4.450797163296698500e+00 -1.081704810489418733e+01
-7.655444220460658755e-01 8.903130975391590596e+00
-8.235450723205856249e+00 -1.556732508447224106e+00
-1.264022357907704297e+01 7.931821811520300969e-01
5.518580474501177946e+00 -1.134097489483718668e+01
5.461335893893924265e+00 3.329033925553559925e+00
-3.085660728800744934e+00 -1.199512194453549441e+01
7.999568997403549986e+00 -3.712892153421758934e+00
2.975636376844938980e-01 1.940930941013569111e+00
1.071855706430988064e+01 -1.034741333197237978e+01
-2.787543287773821987e+00 1.481375874909009838e+01
-9.810863585667554787e+00 -4.692466711831952964e+00
7.031925679366306525e+00 -1.120269057229002030e+01
9.279764716449150797e+00 -9.807709220656047222e+00
2.468377918210816091e+00 -1.318118087136324235e+01
1.030579906212069830e+01 -2.581661821565282011e+00
-1.632048463746463440e+01 -1.158046106818868992e+00
-5.994971440956614828e+00 -2.515071819586852442e+00
-6.619717682703646133e+00 6.817849301670040774e+00
-9.930775822627035510e+00 1.339938933606316951e+01
-4.110951362681108279e+00 -9.246914923434296441e+00
-1.359695417662058148e+01 -4.580262001526762106e+00
8.680916405055608465e+00 -8.149054504540648836e+00
1.242152335358541748e+01 3.563189064580456034e+00
1.008474820068012079e+01 5.713260589179217419e+00
-2.514023886371727912e+00 -3.695017109468269112e+00
-4.205262821515066918e+00 4.374616144195016432e+00
-9.150270269972562431e+00 9.710946899263053211e+00
1.572877788661009646e+01 2.711955250926884275e+00
-1.525030878494965769e+01 6.698573822441904468e+00
8.532995975434833014e+00 2.617664343190458709e+00
7.449676328712346418e+00 -1.630788964769251947e-01
-2.163339016413772242e-01 5.042870146717934432e+00
-1.164002147494751682e+01 1.068768439795136516e+01
1.142273383704771561e+01 1.188010830123751660e+01
-6.098307740758457385e-02 -5.479532684510024509e+00
-9.896386957004494889e-01 3.694806501288347533e+00
1.548366752466655782e+01 -3.312244874019770080e+00
-1.575564778678310951e+01 6.181232333894932651e-01
-4.311969189520414858e+00 -5.218498046408647895e+00
9.037377537262354821e+00 2.095716089588961495e-01
1.128601579543650146e+01 -4.912393804757929416e+00
5.584429219588859183e+00 -9.407337448983843942e+00
-8.802865303042931799e+00 6.927428373550643670e+00
4.546647566723596157e+00 -1.494842571672088027e+01
1.195074332758852620e+01 -1.125574900814039836e+01
-1.405181352220408719e+01 -2.700214486239900680e+00
6.254314811759567050e+00 -5.099680706165656829e+00
5.278613262822247520e+00 -1.094408572598073448e+00
-8.902071429499597954e+00 2.907069664856081204e+00
2.592150863568658536e+00 1.015893755525853592e+01
1.642810397159461644e+00 3.297075557175865868e+00
6.005318665263477129e+00 -7.796993296599547207e+00
-1.101320387983844640e+01 1.655365789110092578e-01
-3.285483198986897335e+00 1.239201117332104118e+01
9.957149721356088889e+00 1.265329143892305908e+01
-1.425951751875174267e+01 -7.927194217177829572e+00
7.227393973656891291e+00 5.919099089446220319e+00
1.204570085927163348e+01 1.758825791114698944e+00
7.008765486956360036e+00 1.466052325989877403e+01
-8.455707014808558242e+00 -1.226971173970927964e+01
-1.299732781864822329e+00 1.291209785060018334e+01
-6.020421409439281391e+00 -1.274990260840320389e+01
1.200106486995523269e+01 -2.009985355182536182e+00
-5.685809124230207345e+00 -1.463610246384400071e+01
2.083814350379050495e+00 -8.150329782358976871e+00
3.249523722308573781e+00 1.405797231041134765e+01
-1.115881229822403853e+01 1.824220756810728261e+00
4.006072750505232705e+00 -2.130687407126773181e+00
9.646725538276740508e+00 7.226567364048751330e+00
8.607441394740504848e-01 7.499260641637874869e+00
-2.760348612681752911e+00 9.105038983511377637e-01
-3.913487723802667517e+00 -1.537886760663227292e+01
-8.020540119731609963e+00 8.585058672606209029e+00
-6.894016339873918042e+00 -4.332357107436918042e+00
2.782764522005980012e+00 8.196194130916186538e+00
1.643063364515992220e+01 -1.079124986763623895e+00
1.503618431043403092e+00 2.021541109435744943e-01
1.416519663006032559e+01 6.575879007319670677e+00
9.960552252396176698e+00 -7.115406245939501773e+00
6.654775738572645594e+00 1.674393029580730996e+00
-1.140698373501766838e+00 1.295692545616887514e+00
-9.333464722513189926e+00 4.558911343353656775e+00
-1.207999815643511710e+01 -6.768157444623167152e+00
-1.181925869465732859e+00 -1.438257026263147509e+01
-1.391104330109655507e+00 1.576081034608767339e+01
-1.187073949831165365e+01 -8.571906013141379788e+00
1.051635716372090457e+01 1.738840163949532780e+00
7.680249166874769884e+00 -1.419989593681943063e+01
1.186667565279406844e+01 -6.419684788074050630e+00
-6.120694246259734683e+00 -6.031442384667100143e+00
8.179507689923823932e+00 1.117554232095518074e+01
-1.368847202474165847e+01 -9.460357594511689783e+00
-1.561720798988442382e+01 -6.038428650780934603e+00
-1.333462633238711703e+01 9.449475838851402187e+00
3.121200620193960162e-01 -1.580640124231117838e+01
-8.601520357454303323e+00 -5.944814545552690177e+00
8.424083893588552030e-01 9.441978447742904734e+00
-1.141724304093765952e+01 -3.895997229431062081e+00
-2.979550616651708950e+00 -1.404492932623838897e+01
-5.613271051875534212e+00 5.802036263855647746e-01
-4.011930957458922364e-01 -3.799627220728549304e+00
5.200508955274010248e+00 1.051863031590937680e+01
1.306514972478072423e+01 1.044432138380418706e+01
-1.403987518079341257e+01 5.770564616300003280e+00
2.745889248670106753e+00 1.264276307434439062e+01
-4.273554837308200405e+00 1.964745700419012309e+00
-1.434405425848447457e+01 8.323765598865492166e+00
-3.961335241196449530e+00 1.589755920699224845e+01
1.450712594468351568e+01 -1.649846186130732306e+00
1.483190323436340208e+01 -7.197250096355910287e+00
7.036068921821723166e-01 1.659468543777879290e+01
3.083914141708881118e+00 -5.409074589728838589e+00
1.341814027291869493e+01 6.324935761518553079e-01
1.262740476734017747e+01 -9.870843263894155228e+00
1.001466754846660479e-01 -1.219450559440187121e+01
-3.121149335016648152e+00 6.492927023773255257e+00
1.247690366980114618e+01 -5.429494828746328494e-01
2.875296504815597842e+00 -1.136817239889741060e+01
-6.284154721947098565e+00 -1.098401117705093277e+01
2.140447326025924468e+00 -1.606208224024724984e+01
5.482535443784723128e+00 8.925757796419507173e+00
-1.016702570412165940e+01 -1.240207495904756385e+01
1.222658628571011263e+01 -3.631544431727578015e+00
-1.093590989377013045e+00 -2.274278851535045831e+00
-1.256904933378874745e+01 2.525275914406741151e+00
-1.561648095600711450e+01 -3.606941231042291918e+00
1.082769881468429674e+00 1.279556835239999302e+01
-3.323447563036753039e+00 8.814239925657975760e+00
6.477178190459159879e+00 -3.086336910540770972e+00
3.841465599405577080e+00 1.626874437324453027e+01
2.558023073774723599e+00 -3.016085690100007710e+00
1.246721931535344297e+01 8.375065925107602283e+00
7.147580106318919491e+00 -6.361801104574555055e+00
1.356707615859267690e+01 -8.138293652566092717e+00
1.561533933470784064e+01 4.284369411139941519e+00
-4.363892806704427585e+00 1.041144149741334957e+01
-5.701773898795723383e+00 5.267136614825250973e+00
5.871966062077444093e+00 1.236260614193462359e+01
-8.169426104078238993e+00 1.327270467082581007e+01
-6.583335636830103255e+00 -9.217594900310466244e+00
-2.735184224024880706e+00 -1.568699477527491837e+00
-4.824810776189307759e+00 1.195761640394098180e+01
1.378426241971881439e+01 4.424857600814636527e+00
5.306162205509924235e+00 5.293310664171421820e+00
1.501345709547674545e+00 -6.282725443962581480e+00
2.097885861367682736e+00 6.289304399826981751e+00
-7.125974562122760148e+00 1.863753767345315282e-01
-8.491899422237667139e+00 -3.196483421234914246e+00
-1.342002008232796584e-01 -2.783849868413774686e-01
-1.085322101176932286e+01 7.216888892271260403e+00
4.658958579357971530e+00 3.118482540439373452e-01
-4.799814139554401393e+00 -6.929837102775545432e+00
3.924230345507222495e+00 -9.285504342738578387e+00
9.929674864271639478e+00 4.153032988183969820e+00
-1.500066876110173197e+00 -1.144015174954079228e+01
1.363441972450085160e+01 -2.911098872003178073e+00
6.250319828628803975e+00 -1.501086139539398623e+01
-1.882204707197741911e+00 -1.290628878231421162e+01
1.432256764945957173e+01 -4.439154866572762259e+00
-1.790136059297870119e+00 -7.757786183693097470e+00
8.866931100290035062e+00 -1.125760156246168897e+01
1.665169843881692913e+01 1.098057097607135546e+00
-2.025651272568097738e+00 7.980295389671805850e+00
-9.472710392490499842e+00 -7.073812827438565876e-01
1.034374601009167449e+01 -1.298458215716719089e+01
-1.034204866601116635e+01 1.160505209307727270e+01
-5.098750641804564054e+00 -3.926537370171342189e+00
-1.352576446452809833e+01 -6.281128440298640925e+00
9.523328192669747949e+00 -3.873069497123317717e+00
-1.656076823990171576e+01 2.081358430806378834e+00
-5.818914296934787345e+00 8.312903544122807631e+00
