# Antenna elements layout
# Station label: stn.008.C8
# Number of antennas: 256
# Station diameter: 35.00 [m]
# Antenna minimum separation: 1.50 [m]
# X[m]  Y[m]
-8.137386650229480267e+00 -3.723458949251588379e+00
-1.215947585367653971e+01 -7.217144302734784134e+00
-1.125323942286600420e+01 9.587477719403736387e-01
9.014795529593094159e+00 1.089961743981060494e+00
4.648713197711440870e+00 1.126053353047620931e+01
3.397720253315412720e+00 -8.787578906912782983e+00
-6.919577046602265469e+00 1.506219873898043460e+00
3.237833467765291573e+00 -1.311077248075780588e+01
-1.438425053023841826e-01 5.695788481054705699e+00
-7.216342413851215554e-01 -5.685949887793961821e+00
-1.112760625250745150e+01 -5.570347679967817101e+00
7.584341738943258804e-01 2.866923571568769091e-01
5.819128049539692427e+00 -5.259083651038045204e+00
-1.494395031900641158e+01 4.922579203339125797e+00
2.623652681721587498e+00 -1.544408652938722071e+01
-1.160325655948994950e+00 8.325111041692618841e+00
9.340814385317237623e+00 1.080225310729612431e+01
-5.827507471518265092e+00 5.026324121842364434e+00
-1.476429089359712599e+01 -7.130119765343891913e+00
9.450622758233567566e+00 -1.370483947571242034e+01
-4.685105952570605581e+00 9.831793582834126966e+00
7.169993453457241372e+00 4.291380419350616648e-01
1.740507245101646561e+00 -6.074083611925964021e+00
-3.384861680069862544e+00 -1.624339956363790805e+01
-5.741862854478011258e+00 -1.143064241450431240e+01
-3.031538100533770930e+00 -5.442222754098755999e+00
1.470456417994667220e+01 7.959360682799168529e+00
5.342710856093837890e+00 -7.531950362754646022e+00
-4.503545821254277826e+00 -4.697214727897858211e-04
-1.070167192639928899e+01 2.727484632121388586e+00
2.936420925092232181e+00 1.261961146842105208e+01
-2.450438250095997361e+00 -1.335340770116478026e+01
-7.710704396146326189e+00 -5.206648181866992076e+00
3.201648025574137080e+00 -1.824845117403219419e+00
5.202396392112841994e+00 -1.809465613965201669e+00
-2.267967814296689255e+00 -9.681836757697517726e+00
-9.581726944162479498e+00 -1.248447570369971871e+01
3.879940163139927733e-01 1.496043058662891667e+01
-1.130653787604725125e+00 -1.513379205562249474e+01
-1.412654187298372221e+01 7.534301062650108349e+00
-4.054804299830061964e+00 -7.050808943810032758e+00
-7.718445342978766277e+00 -1.349765552693902215e+01
-1.307907628430830016e+01 -2.778233354260018828e+00
-9.130143773505494664e-01 -3.314965442238104743e+00
6.101986949279499584e+00 4.230684385936331893e+00
-3.661402674744950403e+00 2.967816156543850781e+00
-7.661957838797757603e+00 -1.117322210657098225e+01
1.505307928920466054e+00 5.583703558363779962e+00
-1.173377719865048263e+01 6.535692867972699105e+00
-8.854962237462457253e+00 1.268904060342213924e+01
1.786223932608081100e+00 -7.910815638707267894e+00
-3.469067332069180054e-01 -1.325120040814921296e+01
1.193340360062457250e+01 1.149317591519931625e+00
5.334168698128383568e+00 5.803633178357756606e-01
1.034276274652082961e+01 -8.894265460361701514e+00
-6.164980613991788871e+00 9.382756190736390778e+00
7.590617354173559761e+00 -7.850579436899542074e+00
5.726076822771947405e+00 -1.062184873172493127e+01
1.648545579180022003e+01 -2.578833379987464980e+00
1.387366656105758622e+01 -2.810633175556533914e+00
-1.076711069575376101e+01 7.900036889863908840e+00
5.047633551568470267e+00 1.533424286252023450e+01
9.425760143718235895e-01 -1.689255859767461843e+00
-5.143714424715714273e+00 -3.000427455770124041e+00
7.254629651688055958e+00 -1.129757522979222983e+01
-1.012973888354936847e+01 -1.082821957688999248e+01
-1.470586976397271783e+01 -3.629789922920419798e+00
5.116134101250366939e-01 3.996184140628010084e+00
1.924701049822754584e+00 -3.231691007327505361e+00
-1.286591793682131701e+01 -4.083209868166512990e-01
5.077690734897188918e-01 1.315681858706089358e+01
1.183174790630098983e+01 3.043140040006441893e+00
5.696687313143105058e+00 7.733945732028679743e+00
-2.618486645727609030e+00 9.639280069168112419e+00
1.594451903936860759e+00 -1.338348622198819271e+01
1.033159819179332928e+01 1.841141654909840497e+00
-5.393530955974334518e+00 1.271798400899803738e+01
-8.218576013968501570e-01 2.787104144836998643e+00
2.080750814333796939e+00 -1.062770698740938968e+01
-4.766192239911720918e+00 -5.342667520051465502e+00
1.259383854764884347e+01 1.002346200754894667e+01
8.559829260454520750e+00 -5.275974608569489632e+00
-9.462891023050350015e+00 4.914528263417054177e+00
3.851121792649905728e+00 4.838514151020916643e+00
3.485659549142177127e+00 7.886912408357325432e+00
-2.247258518137918770e+00 1.547130492872278040e+01
-5.570611785235682234e+00 -1.221241395397711926e+00
-3.897573277252064372e+00 1.301038634635496649e+01
9.453695494344000139e+00 3.199071600239488333e+00
1.622264856561638879e+01 -4.701369980734781961e-02
-3.285635661894232840e+00 -1.130156915857693534e+01
1.275459844405799714e+01 -6.893772254318273340e+00
-1.146067687157305670e+00 -1.147310421965743998e+01
-9.051515394427761763e+00 -2.246500628106632647e+00
7.625659475556837208e+00 2.851422595188527254e+00
-1.219195686348560059e+01 3.125571910644712403e+00
9.941705700943316515e+00 5.039525663112168985e+00
-6.433326939399290012e+00 6.837871122569296745e+00
1.174315272545490885e+01 7.196206485440818312e+00
1.103936703143507003e+01 -6.746909761476103995e+00
1.079696942613527710e+01 -2.964387084368254932e+00
3.746455197741497045e+00 -7.164761463669053754e+00
-2.198910884543359145e-01 -8.385885526431408721e+00
5.878291185184856715e+00 2.747377101637489716e+00
6.863293215713511586e+00 1.406931114426651419e+01
1.196349214469107025e+01 -1.027969422223753426e+01
3.667776758580494345e-01 9.879187792216153952e+00
-1.590141050506139209e+01 1.882271041486951901e+00
-3.567579372033794272e+00 1.224863632479994635e+00
2.961852052745754804e+00 1.604954313586165426e+01
-7.940292619516855055e+00 9.971914248299537320e+00
-3.854929532914447066e+00 6.515153265755458278e+00
-6.721004213834907759e+00 -2.427583722618642526e+00
6.577769711803099995e+00 1.143195477482434796e+01
-6.535665724662974796e+00 -1.457069776125200278e+01
7.092792795184987398e+00 -1.372712624757398814e+01
1.573709104640273893e+01 4.745226080868526708e+00
1.114273458969713815e+01 1.124865479391315404e+01
9.258807974911572813e+00 1.303337974649779341e+01
8.897843965710549696e+00 -2.371719046918498108e+00
9.211154883367061785e+00 7.233566617742599902e+00
-5.388608175271672351e+00 -9.548146172353224159e+00
1.463013149637491495e+01 -9.762803995124436085e-01
-2.323484140777793527e+00 4.436572478906324335e+00
1.573396281710109434e+01 -4.893653950521068552e+00
-1.201331492792222733e+01 -1.102963308288021338e+01
-9.469745118200497913e+00 -7.653493241476535758e+00
5.038137399484728718e+00 -1.523332093227475781e+01
-1.298735372191391413e+01 4.541296762777868423e+00
-6.691443855730291546e+00 1.145087185235600558e+01
-5.780980609142643445e+00 1.559386206761359972e+01
1.268666587817611813e+01 -3.852091476462740971e+00
-4.922980421769830528e+00 -1.325755420194431444e+01
-7.067452621741209029e+00 3.291001694100060604e+00
3.724011088834458860e+00 1.460132282589967190e+01
-1.624273454259611427e+01 -3.056228446477382121e+00
9.981359101677025336e+00 -1.200051266037927356e+01
-8.882316912419117472e+00 6.407334654101582316e+00
1.355038824146500787e+01 -8.259171267244370895e+00
-1.254662063224135693e+01 9.320291962217599036e+00
2.982580385733392347e+00 1.828871879270732137e+00
-9.761041844853309613e+00 1.483848203994604376e+00
-8.829596586460406016e+00 -9.404292820834369238e+00
1.350661006296949296e+01 6.215185478462561974e+00
1.449477814852348345e+01 1.935000753824603237e+00
1.177214188290101404e+01 5.122442702988706742e+00
6.099634818665919056e+00 6.050778966635487421e+00
4.245265699203883969e-01 -1.545035624036542821e+01
-1.268737011229184475e+00 1.168970437063499901e+01
5.029241786297951933e+00 -1.243900783393912768e+01
-1.636147681121941844e+01 -1.078679659836456750e+00
-1.779457636532240983e+00 8.291959324273712184e-01
-1.270583036244577357e+01 -4.382220650958643660e+00
1.639489993880650331e+01 3.366393445485059033e+00
1.519363756815123878e+01 6.353579812041338926e+00
1.301461969156261489e+01 1.906466880203794290e-03
8.519956008693743144e+00 -9.706196358182058503e+00
-9.256370511758797548e+00 -5.354548862518811347e+00
-1.412883258235306982e+01 2.319495230608161762e+00
4.346282269559456068e+00 2.891586936165015942e+00
-1.058182800247988631e+01 1.077965097689317631e+01
9.200667045846078196e+00 -7.467812349637013014e+00
1.096340999008832995e+01 -1.641583722509274423e-01
3.415732289873393057e+00 -1.157272920210929357e+01
-1.456885360742887769e+01 5.041275067140915667e-01
-1.321655078315707144e+01 6.060979417432033500e+00
-5.189092226862049628e+00 -1.557765019479504964e+01
-1.163593728235083802e+01 -1.444255508960729628e+00
1.011072484874055988e+00 8.218828848980678003e+00
-2.187393786486838465e+00 -7.766263399028488834e+00
8.244820378276660477e+00 8.998561078446002170e+00
7.672202578407755880e+00 -1.316624923598901375e+00
-1.511563085481265389e+01 -5.392984943096884365e+00
1.353778412680778942e+01 -9.788236386453709414e+00
-1.445628702609352523e+01 -2.147260873771690726e+00
1.452277229839723560e+01 -6.289507840798313154e+00
-2.950270856481742143e+00 -1.805444158659593512e+00
2.092250182576318451e+00 4.100475306900989381e+00
4.319973624135826640e+00 -3.296995229043206521e+00
-6.855684864306894610e+00 -2.603882192805997420e-01
-1.117443536576377205e+01 -3.280479426033149792e+00
2.188721472390529499e+00 6.977277651697530558e+00
1.309106374092660019e+01 4.238612724100374152e+00
-1.045181402177292007e+01 1.289372779507821321e+01
-5.507372535234662081e+00 2.120881820106621518e+00
-6.234182668665745553e+00 -6.521597584947887327e+00
-4.474926773080056819e-02 1.672538534004082322e+01
6.146467195093499924e+00 -3.000380064324332352e+00
-9.141679171526158498e+00 8.315407248608824631e+00
1.045193222605279004e+01 -4.761540837455296327e+00
2.614132584006476634e+00 1.100025573757045905e+01
5.608421476410597961e+00 1.273342709857839949e+01
-9.126521827727588132e+00 3.139270363865112046e+00
-3.486849790402949623e+00 -3.728003444397558042e+00
8.026214114901268459e+00 4.631287554333930245e+00
-6.895348216833856014e+00 -9.366160935288093015e+00
-7.605631028460461351e+00 5.111821494963457724e+00
1.090842035320812897e+01 9.610665926282202065e+00
1.100368447827666074e+00 1.769092887345440346e+00
-1.370941975904113086e+01 -8.819861251419666814e+00
-7.768647653254133090e+00 -7.523259207955334205e+00
6.194209815220489190e+00 -8.909442790208032648e+00
-6.476095506223563447e+00 1.410542640782119506e+01
-3.886491906964534948e+00 1.504668773052740960e+01
-3.661411922536094821e+00 -1.474426673820383726e+01
1.192362147403262895e+01 -8.261371513485823215e+00
3.872087942231171809e+00 9.556189227075712722e+00
8.327819358984065445e-01 -4.544305992343051770e+00
1.124226258169205295e+00 -9.404643721271124690e+00
-3.981009128546350695e+00 -9.020085802382542539e+00
2.536186618396811809e+00 -4.685073554734671575e+00
-8.734162301249170923e+00 -4.748760642435456703e-03
-1.158784035571807891e+01 -8.821888783623785812e+00
3.730047538248740580e+00 6.667974899255568744e-02
8.352167108189220812e+00 -1.232179109246963122e+01
-1.545805868458319310e+01 3.329607978771669252e+00
-1.656468366485503552e+01 4.787894296874490863e-01
2.346044733856100351e+00 9.175362733679907734e+00
-4.705882269646473048e-01 -8.284806254287957472e-01
9.520665050874519864e+00 -7.609598610889918291e-01
-1.161444111846414273e+00 1.414954352239319135e+01
-4.276823866395515594e+00 4.368745350679883899e+00
-4.929440742782370322e+00 7.862418305060895563e+00
7.443220893006209593e+00 -3.881727611293824154e+00
-3.167524877067638300e+00 1.144671285566486318e+01
-7.746734529603218178e+00 7.635671619499238005e+00
-1.218580021247794498e+01 1.130500477952732297e+01
4.536150174240624722e+00 6.515201262231560264e+00
-1.485188660810834449e+00 6.753660874785875734e+00
-1.288396023463598894e+01 1.240148718293003327e+00
-1.331335757799191555e+01 -6.000000297988073328e+00
-6.271632708416881030e-01 -1.659743039476420989e+01
4.280541868266645622e+00 -5.433586107153139722e+00
-1.524449748670801341e+01 6.526761596781838648e+00
1.050631488184884432e+01 8.149019038385620917e+00
7.181716921380807861e+00 -6.383707780397898546e+00
-1.098733911446512579e+01 4.344691088806953871e+00
7.415151748597157422e+00 7.120782255800865101e+00
5.829734724037042071e+00 9.397346685872236094e+00
-5.594389875621681441e+00 -7.974617439320395462e+00
-2.985845268017961018e+00 7.769514209982709474e+00
1.224029311748572013e+01 -1.669923204152116369e+00
1.458545782516087286e+01 3.643065006503547920e+00
-2.185377169378170947e-01 -1.022324664110371550e+01
1.838449568426216985e+00 1.455039480630001947e+01
1.312738554187507134e+01 -5.423675931240003578e+00
-6.116210372963278630e+00 -4.143583342794704194e+00
-9.712646563858015725e+00 -3.718635050579166546e+00
1.309833548207319609e+01 8.461695525614167934e+00
-1.118253242415840631e+01 -1.240717290045380317e+01
1.047562709958074834e+01 -1.050380517169786287e+01
1.117240367285262437e+00 1.156952788009431998e+01
1.631710621727996369e+01 1.488656384775797648e+00
-8.184633691865874638e+00 1.421986964316879920e+01
6.527912362935843760e-01 -1.165404875205845414e+01
1.654853348163577209e+00 -1.660802447594520714e+01
