# Antenna elements layout
# Station label: stn.035.C35
# Number of antennas: 256
# Station diameter: 35.00 [m]
# Antenna minimum separation: 1.50 [m]
# X[m]  Y[m]
3.933058576257355554e+00 -7.278477252655306984e+00
6.971836160083856981e+00 -4.684100235471889917e+00
-3.220082679522953129e-01 1.286734230345857100e+00
-1.427813488795165497e+01 -3.037995001641359494e+00
-8.071266314642977946e+00 3.793571261523773330e+00
-5.126971930397960620e+00 -1.141804488458996936e+01
1.390573043067454861e+01 6.308550184905321601e-01
-8.062186183666639749e-01 6.416016910025490461e+00
6.345438064443104764e+00 -1.209482924841818630e+01
1.355685429362221583e+01 -6.682479381968279952e+00
1.052193470971005240e+00 -1.074413865506411980e+01
6.780199149680175452e+00 -1.473034914681533003e+01
5.907073477112888327e+00 -9.693890649392031378e+00
2.528623618064930412e+00 1.282141250242238684e+01
1.270850598818448418e+00 3.938884853837858913e+00
-1.349389188279455709e+01 -8.713513411771554473e+00
-5.273162712100518235e+00 8.030234427837878997e+00
-2.868992633193178321e+00 -1.431708880069276546e+01
-4.313082562910139472e+00 1.428820092469898384e+00
-1.025186467718601868e+01 -8.676506550717983046e+00
-7.594430619731916465e+00 6.331663251086350641e+00
-1.543551081044032003e+01 -6.321918256561463778e+00
1.100113091324633530e+01 1.188160093804298967e+01
4.322319323683416314e+00 -4.308742098664644971e+00
-7.882628406909114815e+00 8.674272235408526655e+00
9.874942781336120134e+00 -7.977425804004274923e+00
2.076338647902158385e+00 -7.167830407392793646e+00
1.200123934488249944e+00 -5.784036135057920802e+00
2.667248175606228955e+00 1.037803818717346971e+01
-1.883291289078641739e+00 -1.626765302058207396e+01
6.719368654344801683e+00 1.199603461574531593e+01
3.021631798254400536e+00 3.213466902928253432e+00
-1.188573829199188125e+01 8.246981531262960630e+00
-3.799022733624072501e+00 1.022074069182058054e+01
1.006069261606354814e+01 -4.168378339086100226e+00
-1.802047275832155293e+00 8.155311770125052817e+00
-5.619202054374808242e+00 -1.291536083837640092e+01
-1.063420966955034253e+01 2.608955066302144132e+00
-1.285578946235223974e+01 4.588324913708952124e+00
-1.082453892237339232e+00 -9.585942956330438136e+00
3.693085895588762213e+00 -1.610980186487276100e+01
1.515626552774880764e+01 4.149501178337370533e+00
-1.038397549649786455e+01 -4.894887846483182869e+00
1.286850257123874286e+01 -1.632422155522213814e+00
-7.631659730682425646e+00 3.699632220445074893e-01
-1.088629779281595233e+01 -7.206743157140138578e-01
-4.523029919623162698e-01 1.187763197954911831e+01
-1.122271526904993166e+01 5.100208202968545379e+00
-1.764505147002388696e-01 -1.195258470535878459e+01
1.159937798816974919e+01 1.283161746089135136e+00
-1.659687392362123504e+01 1.267632752317322087e+00
1.676808431788554543e+00 1.563098969280434147e+01
-1.609758622969538067e+01 3.348233213930910779e+00
-5.066621633329456031e+00 5.084340369625738987e+00
-3.778399875844961286e+00 3.208724934282500385e+00
1.616174208272031620e+01 -4.734011419369714702e-01
9.891982779643260670e+00 8.438443058306702937e+00
-7.172509135406945902e+00 -3.552761025714437082e+00
-1.244504643137048561e+00 9.789870240431707060e+00
-3.542457900783235303e+00 -5.657517238563393391e+00
-5.451063629450322523e+00 -3.784640708339448878e+00
1.712755080726413581e+00 -1.618583463664122490e+01
1.254187400777518846e+01 -8.622014831977015348e+00
-5.039944485794036311e+00 -1.044488106310488718e+00
1.048691979799499663e+01 -6.163331286061577430e-01
-8.902774233359327383e+00 -6.078360823369651555e+00
1.369736857487734483e+01 -4.045632849485874871e+00
-8.943333247279753095e+00 -3.529493334600795507e+00
4.829826203333919210e+00 -1.423124629265402596e+01
1.094059836259963348e+01 4.904112044444762120e+00
7.866500449488356139e+00 4.089135199635183682e+00
-7.383523372216668434e+00 -8.224924758894472276e+00
8.101700386792515474e+00 6.208359353904441491e+00
7.938491241825502698e-01 -3.156224878476654894e+00
8.965868039282611335e+00 9.731193898728385250e+00
-9.205746953254561049e+00 -1.103035140175807349e+01
-3.120100812170772286e+00 5.488333097946167527e+00
8.456100438855276735e+00 -1.378092017772563338e+01
-9.630376441771538509e+00 8.728050904376321029e+00
-1.952511096433338977e+00 4.315487199163250409e-01
-7.348218931897486428e+00 1.441847645111814202e+01
1.515612827609810864e+01 6.727940494236694491e+00
5.452572596046135089e+00 -2.930587466864977841e-01
7.773539469174444605e+00 -7.768080587010040006e-01
1.539847835382092001e+01 -5.841109902618569549e+00
-3.494805444762372204e+00 7.349677988125691286e-02
-6.841985772770597052e+00 -6.407966714343602987e+00
5.767637814042601008e-01 -7.701032353478055370e+00
-3.179081821841158728e-01 -6.110884939684902761e+00
-1.586892697416981868e+01 -2.588502815017113434e+00
1.097475882999349039e+01 -1.068533621501825159e+01
3.230494968413736956e+00 2.209474282379062515e-01
6.907158547258152481e+00 9.706236666973005356e+00
-9.444951081318636810e+00 5.440818034601189623e+00
-1.147148980198849522e+01 -1.152042641799268985e+01
8.563749503763489201e-01 1.268313240411852405e+01
1.241940557572089432e+00 2.793601188744787578e-02
4.300446221508220646e+00 6.143423313270464092e+00
-8.541830961978771342e+00 -1.380600812551987389e+01
3.602335482689852597e+00 -1.051494114461721807e+01
-1.120128065609958590e+01 7.994706095620038866e-01
1.210129749059611726e+01 1.050849091022345760e+01
-1.633626383302061669e+00 -4.378936921658675985e+00
-5.492278594349768284e+00 -1.479389984032985161e+01
-8.154310031054658126e+00 1.296827268592785387e+01
1.167073591751356076e+01 -4.617982911422199521e+00
-3.923239868537743646e+00 1.448129202187736553e+01
-4.834748039334726855e+00 -6.532031151424735782e+00
7.921737478708191560e+00 -1.210786022566379216e+01
1.581591205397785416e+00 5.718174603904337516e+00
9.191227674298723116e-01 -1.324306385319197688e+01
4.872268278162334099e+00 -1.170489234060192096e+01
-6.212730781553013060e+00 3.031067606983356200e+00
7.195902058988323802e+00 -7.197718776905684734e+00
5.203845513343086537e+00 -8.140203905329643774e+00
-6.484068491366510756e+00 1.125174043202028074e+01
-2.940045455896061810e+00 -8.522217319985186279e+00
-1.332150076314673903e+01 8.853956045157396204e+00
-2.686566010325059040e+00 -1.811334605065042069e+00
4.567207282439547100e+00 1.002348603091583357e+00
-4.582616062847764127e+00 -8.163911123426492722e+00
-4.590227146974150685e-01 2.833881802511790227e+00
7.193431274734955139e+00 2.479410384818503843e+00
-1.290955390556272242e+01 1.228525966094078825e+00
-7.383588364421909134e+00 -1.956428919609416894e+00
2.084083744298059315e+00 -2.220259786297994253e+00
-3.359112321974780713e+00 1.279053022711689636e+01
1.371000096044951988e-01 8.003803032020009312e+00
4.249998457272059937e+00 8.684399714899402767e+00
-9.620516169736230694e+00 1.202432686332036127e+01
-5.814337900510189172e-01 1.480207107112092046e+01
1.339008394371912303e+01 4.894666118783206343e+00
-1.456592842559601131e+01 1.615086244926061454e+00
-1.118892985512712102e+00 1.329055684094123535e+01
2.007077925861047163e-01 -1.225312313613791559e+00
1.115284965892383440e+01 3.067679168875802276e+00
-7.308687173456970498e+00 -1.133191309128356394e+01
5.239225843120504322e+00 3.908933577476705779e+00
-1.501627205589995739e+00 -1.300871215199129338e+01
6.258615367945765229e+00 7.311488034488807131e+00
-1.340563131752231918e+01 6.866693009798233049e+00
7.237936392066469438e+00 1.461280651984986179e+01
1.187372288200399595e+01 -7.213756213272244366e+00
-2.769293727334773081e+00 -1.002258337114667519e+01
2.667000966666346784e+00 -1.178702328304201075e+01
8.437267817854127827e+00 9.303484479887487169e-01
7.852520812326122979e+00 8.121179162870308943e+00
-1.099558584475852996e+01 -7.139619495772427271e+00
1.036242002068394896e+01 -1.279517582098344164e+01
-2.091651599868953326e+00 1.474775404689552971e+01
-3.234532577538095310e+00 6.989030783827402615e+00
-1.534275090741033232e+01 -2.228021640730908359e-01
4.486494845936547904e+00 -5.799755523064559881e+00
8.082889335230699857e+00 -2.871959127303819415e+00
-1.231681239828734675e+00 -2.906238468404481523e+00
3.201431470408174107e+00 4.949653949281834997e+00
-4.012461693973385479e+00 -2.614910040210684627e+00
6.532256880540138866e+00 1.043877027550983883e+00
4.656906086201193062e+00 1.585428428107147170e+01
1.324360754353750380e+01 3.078057902782433075e+00
9.996425413816734107e+00 1.436196036819048061e+00
2.940003849760607579e+00 7.683905081355248967e+00
-2.044135417425957613e+00 3.931235237169662611e+00
-5.797501274305009389e+00 -1.002550010367881583e+01
-5.323315099167864162e+00 9.710103003252726239e+00
-6.092040520482202126e+00 9.122027876792309087e-01
-1.118350466610087679e+01 -3.535641577622675058e+00
-1.363449664040932774e+01 -6.627826199718246158e+00
5.233063586955740476e+00 1.441839770626743089e+01
-1.238784351378269655e+01 3.093358612909085537e+00
8.862861737442834453e+00 -5.740825931554098815e+00
-9.548256052533048432e-01 1.653775350191513382e+01
1.603010180806444396e+01 -3.918606103239593352e+00
1.476762054484714781e+01 2.115883187968094603e+00
1.306631231300698559e+01 8.903343868395928951e+00
-1.153257086801143316e+01 1.118430929300571464e+01
-1.482320880117399042e+00 -7.284022815961014530e+00
-1.292738019716433229e+01 -2.053358934059968277e+00
3.033188337759970210e+00 1.633842628344309844e+01
-1.279680734760171035e+01 -4.183430778862854638e+00
-2.199570677777053618e+00 1.112359699526677659e+01
5.828226850231558842e+00 -2.913023920183695381e+00
8.117066351282481662e+00 -1.029135812951688322e+01
-1.451776257475041376e+01 -5.076129952153335623e+00
1.100496951934093914e+01 -2.183034511252140319e+00
-5.397249978168217055e+00 1.403342927733007883e+01
8.917928173816662252e+00 1.227314407927121920e+01
-7.328762785679998615e-02 -1.605072385456529815e+01
6.395242030394662436e+00 5.280059186747905642e+00
1.636344603188972968e+01 1.843917476972144698e+00
4.669082954341543967e+00 1.181289774621451727e+01
1.208406800958284322e+01 7.767696089242086543e+00
1.326884299629361053e+01 6.794984310480153056e+00
1.461983879662779628e+01 -8.197572058509834392e-01
-1.027984487068100705e+01 -1.320091590663679959e+01
5.153051627499468879e+00 1.034739378881133476e+01
-8.135215213279284541e+00 1.791251955245243721e+00
3.597163975373906197e+00 1.471677438116568482e+01
2.512742801912747126e+00 -4.157633982222899149e+00
-6.046335001701557132e+00 6.379739054690901412e+00
2.230120369850244089e+00 -1.400187273437660096e+01
2.605816876435675056e+00 -9.295577503020913568e+00
3.840077154906083479e+00 -1.584775700692388156e+00
8.668703927223297967e-01 1.074142900151167268e+01
-1.268864440709682029e+01 -3.808675417833100596e-01
-8.364151174126234878e+00 -9.586452084047408562e+00
-1.207826578362341863e+01 -9.813252279952749291e+00
-1.480930533709156727e+01 5.270279041870228554e+00
-8.624369473743277226e+00 -7.676277086277210060e-01
-2.889802705942194905e-01 4.938633748624660313e+00
-8.749930271420202743e+00 1.056409452677122829e+01
-7.401426647252403512e+00 -1.493342890516915134e+01
-1.018824952185818589e+01 -2.181500947000609258e+00
1.058693086808023054e+01 -6.029392494745717812e+00
-3.353230007559304227e+00 8.715725015743760906e+00
-2.935483322321616129e+00 -1.233547453102815794e+01
-4.896248210886295027e+00 1.592586066827688995e+01
1.472991333366686462e+01 -2.472977233895372606e+00
9.375678311596473691e-01 1.424612413849656534e+01
1.508541640416755314e+00 1.645544670479683447e+00
-1.455439903963491943e+01 3.333063862523960807e+00
-5.030748759155542871e+00 1.209092064042290460e+01
-1.106200230787029959e+01 6.916044679026715158e+00
-3.884362137769866052e+00 -1.560842511323345683e+01
-1.195987649828571442e+01 -5.916430613762104329e+00
-8.265192159350469581e-01 -1.437948961190463493e+01
1.086029213735483268e+01 6.631416368932146810e+00
-9.614850597704579727e+00 1.370215760817396244e+01
1.636264963815741424e+01 -2.376664385227748255e+00
1.258707916456944531e+01 -1.086698555030514690e+01
7.184113754324911838e+00 -8.746425317257983778e+00
-1.661768001842758480e+01 -1.015058083479690509e+00
-3.237940159027671072e+00 1.609893484059170277e+01
9.085300727860353476e+00 2.853912471799063155e+00
5.445777839231006112e+00 -1.582549381386684040e+01
6.451363950832327276e+00 -1.497702460219347387e+00
9.428594737516927893e+00 5.498627103835286078e+00
-6.718251341452836201e+00 4.952356295762626814e+00
-9.349053633720659562e+00 7.123765636882183117e+00
-3.786580719958116958e+00 -4.118938190868824734e+00
-6.645437731238425627e+00 1.303459241726910278e+01
-1.495375493051359861e+01 7.371649166506045958e+00
1.567317365618979608e+00 9.340557392364388534e+00
-1.688510289985048374e+00 -1.116884491306675287e+01
-9.755309749768040106e+00 3.921684006269313016e+00
-2.047150792512979933e+00 2.229699009921350950e+00
1.433975064830021751e+01 -7.983102803664511526e+00
9.417275502156332578e+00 -1.994362936838811606e+00
8.837260829940451146e+00 1.384838848787551058e+01
-1.097024966104742205e+01 9.608492121181981815e+00
-4.342127147060027781e+00 -1.371090180612906373e+01
1.025241575214336009e+01 1.318206592443861780e+01
-9.316742646488265223e+00 8.167834131548872278e-01
1.435669701213656424e+01 8.063488616490090521e+00
5.245300513960984290e-01 -9.216209868479420919e+00
-1.202149249925490082e+01 -8.240682749940539509e+00
