# Antenna elements layout
# Station label: stn.461.S15-3
# Number of antennas: 256
# Station diameter: 35.00 [m]
# Antenna minimum separation: 1.50 [m]
# X[m]  Y[m]
7.151103211681206773e+00 -1.478308364815586629e+01
1.493925717554321864e+01 -6.875391048314885012e+00
-5.239014049001061935e+00 -1.530316222113722802e+01
6.920155376747597842e+00 -6.289989713358968615e+00
-5.395749080768430517e+00 9.982542324743093332e-01
-7.454872490498379634e+00 5.054967844916948394e+00
-1.360525871890224892e+00 4.089522478239931758e+00
-4.717247779838057653e+00 -6.074504174329932837e+00
8.796668144680666046e+00 -9.553691122728748653e+00
3.909545047253160988e+00 -1.574882513724918809e+01
-1.114243451436880861e+01 7.830690451984253286e+00
1.079507991870020334e+01 -6.234947248711206313e+00
4.476496997210833939e+00 1.078207499901129296e+01
9.535434818759497944e+00 -5.707703564155153231e-01
5.505853134278599015e+00 -1.310505976418378182e+01
-7.669636993914478396e+00 3.060125099150852179e-01
-1.212201035923635040e+01 -9.832186073635632795e+00
8.856995780670864349e-01 8.778693870405820832e+00
-7.107779280673417688e+00 -1.140052877547747912e+01
-3.304590377966455605e+00 -9.277549100273317251e+00
1.330000350460602832e+01 1.869665983589449354e+00
-2.784193873824735377e+00 -3.947442446118019532e+00
-2.331139626543077270e-01 1.106312389585261613e+01
-8.415640428961232544e+00 -1.864095303340180365e+00
-7.303017543229191944e+00 1.378933507658400970e+01
-4.839664373972498268e+00 4.320176325375882698e+00
-5.633014118245597501e+00 -3.212236361074598534e+00
4.987133169788030784e+00 -1.001780755955571856e+01
7.071714989197129597e+00 -9.041456785370456828e+00
-5.885577718948447057e-01 5.831405210394009941e+00
7.583689090134981825e+00 -1.061299902633874126e+01
-6.746155666605735846e+00 1.086345509614515237e+01
-1.039354902859892960e+01 1.813954762245906238e+00
-7.236355256185525775e+00 1.889586857227410377e+00
-1.193179007170504491e+01 3.522384880346258740e+00
2.419073755555121608e+00 2.056954022125943027e+00
1.327292230300649578e+01 -1.336322375892784464e-01
6.221488843219344034e+00 5.212841141027578118e+00
-1.025565954045877959e+01 -8.510504272092504152e+00
-1.064252837396498563e+00 1.653036226422454291e+01
8.783272008488705040e+00 -5.617579581968605851e+00
-1.028359025540385474e+01 -1.181080215186443105e+01
3.339671464226029229e+00 4.337556195958175209e+00
-3.385713884493355863e+00 1.151911957567785549e+01
1.438265698283715821e+01 7.513745530416482410e+00
-8.652272660966016105e+00 7.201789210773203109e+00
1.236157301571087785e+01 -8.103399307507668681e+00
-9.359778327786573371e+00 1.331734166105776040e+01
-5.268524027305371504e+00 -1.063551072829293886e+01
1.312600334983660133e+00 -1.331962878040115328e+01
2.919475405855251893e-01 -3.654529694399819562e-01
-1.165152495652570508e+00 -4.817475607142160499e+00
4.898157674510954962e+00 -7.383912057746970348e+00
5.397917130331041591e+00 2.916177774656066646e+00
-5.557200526595163836e+00 1.376843351658051873e+01
4.998920660744825994e+00 -2.998812902601596164e+00
-2.661960546953036300e+00 -6.343677506036828007e+00
2.220161443140789004e-01 3.224555473122581617e+00
1.160708107882807738e+01 6.786380773317890913e+00
-1.408043519910960661e+01 7.160744692435883962e+00
-6.639286354627195408e+00 -1.384843728249038008e+00
1.081342588378963043e+01 1.268769896945707742e+01
9.201609813548781602e+00 3.503696260649430627e+00
-1.376953891948899944e+01 2.078162867505056965e+00
-1.450495393050424298e+00 -1.168521058318893679e+01
1.237072390178756010e+01 -5.625345161469034849e+00
1.186597145821397703e+01 2.341495645756403121e+00
-8.821847006773113620e+00 1.468028170976083402e+00
7.388377314443559385e+00 1.644961240302979633e+00
1.174695623096601693e+01 -1.379413441657561634e+00
-3.308876568718517319e+00 -1.483586996792649870e+01
1.460295332440065152e+00 -9.769331244749174914e+00
-3.246524887649099966e+00 2.190143780806714346e+00
1.596386833704549701e+01 -4.013079284646167366e+00
4.666471082509623614e+00 1.255807842122140983e+01
7.919715228771533333e+00 4.678049494039456135e+00
7.211255774940127594e+00 1.127234010435209655e+01
-1.370790939186605861e+01 -7.366856014136809350e+00
-1.532595476822210756e+00 -1.623357814271987820e+01
8.428775860668665132e+00 -3.787263243990549810e+00
-1.209731731685922362e+01 1.049298900585399252e+01
-8.982153713912666149e-02 1.601317822599536811e+00
-8.648581575375921204e+00 -4.920803771080560551e+00
-7.978896255019689576e+00 9.946771699637597663e+00
1.502644362717359172e+01 3.007134568090688020e+00
1.296050014336698553e+01 -2.528515437290609569e+00
-6.587691238275233729e+00 -1.377025928868077287e+01
1.524560861733217365e+01 5.384396913586648736e-01
1.922905260277822492e+00 1.180299167585919307e+01
-1.118208940596606737e+01 5.405171337258430242e+00
-9.760556246324725294e+00 -2.868326267607434588e+00
-9.069630674066839759e+00 5.204559017342319294e+00
1.401804466152996298e+01 -4.257718578063842685e+00
-2.838188207372711602e+00 1.535516248936340133e+01
5.297073211844168128e+00 -6.180934814158547397e-01
-4.976746866098663347e+00 1.080019136931388246e+01
7.663476587562310982e+00 7.414079445007388358e+00
-3.873115865908239641e+00 1.335320950272504348e+01
6.069846042584419621e+00 1.399321122425159913e+01
-1.899741816005374062e+00 -1.813192467056641277e+00
-5.500961371059288396e+00 6.633993426068556687e+00
2.267455988574894832e+00 1.472116476719570244e+01
2.696936406338242165e+00 -2.854884183777414819e+00
1.276744986860185449e+01 4.661269076414971124e+00
1.984276927823849235e+00 -7.541100654420306526e+00
-2.340026370667708022e+00 9.110760236878817864e+00
-1.568686435453569850e+01 -4.787612914964501698e+00
-1.140717375637178321e+01 -2.214227779646435579e+00
1.096419679224982957e+00 -1.634706196113233290e+01
1.122269792964914714e+01 -1.006938090662920260e+01
-1.113227854781165860e+01 -6.385183753555393693e+00
-1.510329853690905466e+01 -1.721417280981357933e+00
8.027768655083388438e+00 -1.306493623512787750e+01
9.767760412912732448e+00 -1.258411817957432177e+01
2.017439070739165174e+00 -4.692949677248165585e+00
-1.234777303401170201e+00 -3.171789988410932182e+00
2.238666348351145530e+00 -1.119591889889881031e+01
7.726864367396757416e-01 -2.435844941487157911e+00
3.829009550614799196e-01 1.400229075831698822e+01
-7.293051396070502790e+00 -3.614948943750007970e+00
-9.923560541113277012e+00 1.096935555891161584e+01
-8.965305313709540869e+00 -7.208189751999041661e+00
-2.390204601892053304e+00 6.465119430779910914e+00
-1.383422874484100618e+01 5.149841736746591181e+00
-3.938551475839775051e+00 8.096507184094004828e+00
-1.569707467965925574e+01 3.917341285630580927e+00
6.149497174125606591e-01 -1.162351034762343183e+01
8.000534443196137602e+00 9.844016442607390616e+00
-5.036794337420282375e+00 1.573809584718280519e+01
3.475191434162031356e+00 7.879545550613695326e+00
1.039883205552013834e+01 9.254102707362989122e+00
4.117204014565523096e+00 -5.905221864867323589e+00
-5.163815622868721533e+00 -1.310079892753878816e+01
9.705768197363390470e+00 -7.443567561707428837e+00
4.596426996740259341e+00 8.888405537421043334e+00
1.396147418683404240e+01 5.668159959683997329e+00
-1.253039807367469471e+01 6.092520249324081760e+00
-1.442798378580021179e+01 -2.670834409818816368e-01
-9.613384034869827843e+00 -7.402685305191916143e-01
5.619820271973914316e+00 6.995217776357677053e+00
-2.760988983485050952e+00 -1.272956227845160981e+01
1.600885278373159082e+01 -2.413472710590401249e+00
-1.388484569190832651e+01 -3.243400469875668435e+00
-1.413043904841778442e+00 -1.408748568807088830e+01
-1.260522279840276738e+01 -4.489661144081866340e+00
-1.823785224819189921e+00 1.377967278147474772e+01
-1.266340413845121482e+01 -6.213686791343807414e+00
6.758719988823528979e+00 -9.714973857542084090e-01
-9.396903679529541975e+00 -1.330809051213482341e+01
-1.699521392909881357e+00 9.195239257123120069e-01
8.870592294048499582e+00 1.214057630168510116e+01
1.191790771660859605e+01 8.749291936548274862e+00
-6.232147796763026548e+00 -7.020589887723380329e+00
-9.016534514797420741e-01 -7.318382760246516128e+00
2.890945662256804383e+00 1.328819438688617893e+01
2.054441322806113135e-01 -5.604071590159893645e+00
-1.120977233062772882e+01 2.840094472355758626e-02
-1.549636494533332964e+00 -8.729634182521730068e+00
2.193830255872132540e+00 6.061514299866569644e+00
-6.541770996019009132e+00 8.998630738741574930e+00
-1.925283877372031327e+00 1.066567541182670453e+01
-1.408358392948216320e+01 -5.299526370584958457e+00
2.862981629917833004e+00 -1.293130320903213715e+01
5.088464390591699527e+00 -4.642263701748298388e+00
1.180462316339614048e+01 2.687515270898224173e-01
-8.591090520079982085e+00 -1.095085875162790501e+01
3.719010869946941966e+00 -2.444442024802135904e-01
6.309814440657937951e+00 9.675281658125868489e+00
7.865608112050924916e+00 -2.391420883845945866e+00
1.519103647159592896e+00 1.013915630219883468e+01
-1.576817790186167834e+01 9.718528596090152405e-01
5.758886786117049184e+00 1.290254091510629308e+00
-1.603968774424646426e+01 -3.097829584810838810e+00
9.525487666487943983e+00 6.439429253404828302e+00
-3.401666778821860859e+00 -6.231393400362073010e-01
-7.520022306231906484e+00 -7.990065152196557108e+00
1.051996706812715843e+01 -4.660440909124053732e+00
3.876142945088407288e+00 -1.415284744644370107e+01
-4.592189907413098737e+00 -8.469419320287693509e+00
-8.580573471245607209e-01 8.870444889768680952e+00
1.087372344615486597e+01 3.542833372767084654e+00
1.730950131479875864e+00 3.626030288139521218e+00
4.207755095836436254e+00 5.962302603299949766e+00
2.041353969224775966e+00 -1.500904590835000718e+01
-1.554375153920267394e+01 5.567821597871482453e+00
-6.447996197036401256e+00 -5.398290478328000574e+00
2.339472848305899078e+00 1.658014215062564745e+01
1.412478207776061012e+01 -8.683234308208454877e+00
-1.032759435347798416e+01 9.347128119392511536e+00
-4.448445465471447591e+00 -4.433840342477191498e+00
2.483448470794467511e+00 -1.099843380247772728e+00
1.343253358237509687e+01 -7.013711668305374403e+00
7.876819499133311808e-01 1.572427720162263398e+01
-6.386437797661027815e+00 3.970648983727294024e+00
1.638152892815389805e+01 -6.935826591110405559e-01
3.782870899643466345e+00 -1.129594017164284381e+01
1.237415448120919592e+01 -1.114259171968815032e+01
9.036286067780544329e+00 1.229677167078769173e+00
6.468126399544228633e+00 -3.430078748937614108e+00
1.386913334502195738e+01 9.349333925048469496e+00
-1.036550544760023840e+01 -4.589394378145234654e+00
-1.226267388113433299e+01 -8.266145922910260069e+00
-6.890598244812029094e+00 -9.824990914123269192e+00
1.101377302790886503e+01 -2.875081320324659018e+00
4.055369449310763486e+00 -1.812152894843590545e+00
-3.012848253474464499e+00 -1.115036958977328396e+01
5.441831604475417805e+00 -1.497013370613533922e+01
8.016276019737460956e+00 1.453275409740490431e+01
-1.673099219848485575e+01 -7.244415963489920784e-01
1.593207927132246482e+01 5.033933671727751857e+00
-3.734849943266160821e+00 5.672843442365575584e+00
1.001815970345354856e+01 1.088040307118033923e+01
5.573061716829634804e-01 7.253789909621310983e+00
-4.718114826754508329e+00 -1.736278307233442675e+00
8.038596493776651641e+00 -1.418397953087904284e-01
-8.474678448788679930e+00 3.715749994584179206e+00
-2.420267943718634740e-01 -1.293993978380676957e+01
3.462535542754341833e+00 -9.196519600596797517e+00
4.871842970368923886e+00 4.510823695282823564e+00
3.815930016478450426e+00 1.458016741789575121e+01
-1.216693566718059749e+01 1.943427286984356073e+00
-6.460176185299564722e+00 1.247907205187861734e+01
-1.369942692465156320e+01 8.684951355538423456e+00
1.188977682158625271e+01 1.069038362671713216e+01
-6.773706160712130497e+00 1.519417864082799241e+01
-4.318709731694880816e-02 -1.502451682402664801e+01
9.196023419840908986e+00 8.065468934077095753e+00
1.231222823764155905e+01 -3.894460080992759643e+00
-1.283229665709484379e-02 -9.140173999752461143e+00
-8.096830510176433293e+00 -1.465084376441372527e+01
9.692801882673489189e+00 -1.104751901301086114e+01
-5.412192513349475931e+00 2.630006981801258803e+00
-1.000818232727652557e+01 3.955226129001410129e+00
-1.368491596816297040e+01 -9.032658728113890589e+00
6.232013809134379301e+00 -1.160970052694898413e+01
3.926946345178905062e+00 2.219515207295646775e+00
7.956342308822492271e+00 -7.606504379138547378e+00
-1.131597887077333553e+01 1.220213878706983124e+01
-1.341825014031567065e+00 1.232453045162131033e+01
-1.237016280171948424e+01 -9.325028246776696506e-01
1.218630622093961335e-01 -3.820039427242358343e+00
-9.873418746710822091e+00 -1.004239805731272028e+01
9.484787445899360847e+00 -2.285366344936173633e+00
-1.180528741910766222e+01 -1.178568267826348759e+01
-3.711426779973983514e+00 9.771411196841391700e+00
1.653115053395165290e+01 2.318809489656715073e+00
3.033272845262661832e+00 9.860032992919062877e+00
-3.134836032890722990e+00 4.049219751597053829e+00
1.440822024774140431e+01 -1.533839469928814481e+00
-8.484676375568017903e+00 -9.454075931691326318e+00
7.484715350738543549e+00 1.304095906019275475e+01
-7.824188595612326935e+00 -1.282760066422157408e+01
1.301964346163817510e+00 8.737769112410020966e-01
5.642771535669748317e+00 1.563516158034601489e+01
3.573922202607672460e+00 -4.186203642964340332e+00
1.088186989373845037e+01 5.356851832824077064e+00
