# Antenna elements layout
# Station label: stn.378.N8-4
# Number of antennas: 256
# Station diameter: 35.00 [m]
# Antenna minimum separation: 1.50 [m]
# X[m]  Y[m]
1.468772611752081758e+01 -1.217511558958612738e-01
2.181728836440480990e+00 6.485714875990680639e+00
1.505278796679689890e-01 1.406330309936983269e+01
1.084104792965046471e+01 -4.344256729664575545e+00
-1.443223897731119365e+01 -7.730405305729176391e+00
-8.211859255045590444e+00 -1.147384874500840901e+01
-8.945192288724237883e+00 2.791062377327978794e+00
1.586397099123687582e+01 -4.881648225871881408e+00
-1.111576577109772224e+01 1.219561126966740972e+01
6.514841905956430423e+00 1.493647833344914488e+01
4.930181297493945181e+00 9.093935918934477058e+00
-2.584697930011961020e+00 -7.468564152333243555e+00
9.411637364994831501e-01 4.437688486273199118e+00
-2.360946272654018685e+00 -2.276043521547142845e+00
-5.833499852003422248e+00 -8.983986795153747096e+00
1.100548602788326491e+01 -7.285923984399886422e+00
-1.069552749071510078e+01 6.861497693213216564e+00
2.784928504289567286e+00 4.141445593981366358e+00
-7.781871840871582791e+00 8.196011091663820025e+00
1.301896854008318982e+01 9.100041362387333521e+00
5.714101327550803688e+00 1.128586293815846986e+01
9.218806737558089992e+00 4.134887787762909994e+00
8.059900790133582404e+00 4.187984262965294135e-01
-1.364429199531002723e+00 1.445483236713544173e+01
-1.609380131940553937e+01 2.202935630568145342e+00
1.259588105804480662e+01 -8.255325865923524020e-01
-1.522847079985032437e+01 -2.512190430209999548e+00
8.432773903943015625e+00 -7.903702742743613285e+00
-1.847324332568732075e+00 1.256884641023096449e+01
3.937613029411707544e+00 1.580903577632179946e+01
-8.008745374745441126e+00 -8.716325326331729073e+00
-8.107347972325946728e+00 6.022842076882209739e+00
1.174608975257552146e+01 1.074268471429323313e+01
-6.020005951336463212e+00 1.304593701895855418e+01
1.449250511621623971e+01 -7.048042900338629124e+00
-4.870476240091429432e+00 -1.492369262468844582e+01
8.190935049860257777e+00 6.612049170194676861e+00
-5.413850205001176974e+00 -2.677863527173126812e+00
3.883530908680018712e+00 5.726555826829965667e+00
-9.174556103225025794e+00 4.527801823495263278e+00
-3.136216401949383226e+00 -5.502697267623947397e+00
3.405619585400977201e+00 -1.050716674000030082e+01
1.361573555560708471e+01 1.044634253339346230e+00
7.470549046795376569e+00 -1.083265124405167512e+01
8.002427354440264651e-01 -1.106447440439445451e+01
-2.670528287271036305e+00 -1.440831018279508058e+01
1.555338912348213398e+01 -2.203421758076888892e+00
9.423744588341378403e-01 -7.838173812279467967e+00
8.433565611401547812e-01 -8.435894791424303207e-01
-2.109985135481240448e+00 1.056544075700087149e+01
-1.633067837661648625e+01 5.542235578147476360e-01
1.502691045425717675e+01 6.472477243365691635e+00
9.117118522535694325e+00 1.069440352186005327e+01
-1.248465319817501396e+01 1.076270938102097574e+01
-1.109260374783747949e+01 -6.054646187493647247e+00
-3.853698111455273079e+00 -2.490538385454090786e+00
1.227203985406280395e+01 3.610689820296489216e+00
-6.617272274158889189e+00 -6.187029401788480598e+00
3.044338962659775660e+00 -1.286786240845495755e+01
-2.886000912068869440e+00 5.367153216238094160e-01
-5.604818392311017305e-02 1.671716228946934280e+01
7.083804719973823438e+00 -1.255448964704205395e+01
2.754444683978153563e+00 -5.333572184134958150e-01
-1.137335154548348370e+01 -9.450599858368072148e+00
5.320599822540881263e+00 -1.149968265802287348e+01
-7.788824703110247327e+00 1.448343281307314356e+01
9.162642258324069644e+00 -1.027282043446331272e+01
1.092640238071209424e+01 -1.188412971365135817e+01
-4.372774762243558655e+00 -8.497692416647506519e+00
5.290013418053430172e+00 -1.536074231116772637e+01
8.979586419667402453e+00 8.650764174063962031e+00
-3.558530876083100480e+00 1.601549709986772285e+01
-9.993609537636118034e+00 1.095681930474160026e+01
-1.036581463912810719e+01 -1.311446170500796526e+01
1.271444044044742583e+01 -5.952874398342904882e+00
-5.002003706506144454e+00 1.174841250957711480e+01
7.441211085001786074e+00 -3.074645012267257727e+00
-1.392717851304523968e+01 5.274285432020125342e+00
3.063796299703280823e+00 1.246221563573885049e+01
-5.274281498139748336e+00 -1.093178689166384565e+01
-1.449114794331723566e+01 -9.851277952028887341e-01
1.556892826016168385e+01 4.991019779068228246e+00
-1.572191619398289220e+00 -9.973625533888213823e+00
-7.846961872560097362e+00 -4.760477969770496642e+00
-5.858281226861313584e+00 1.043964707891831267e+01
7.204815760992062224e+00 1.324878309271958088e+01
6.398718925955453329e+00 -9.599909294495017065e+00
8.965160331826147910e+00 -1.016828751170720579e+00
1.196162366173533442e+01 -9.265320525790972539e+00
2.313328729070640577e+00 1.568301861054803226e+01
-1.301434497667611900e+01 9.213498986835716664e+00
1.588463130338960383e+01 1.867442914302564816e+00
-1.349598742184853961e+01 -5.841401061586346088e+00
1.247556815915102746e+01 6.682958467032214855e+00
-1.049926309314279926e+01 -1.089925567483564706e+01
-1.316101756892412666e+01 -2.636954938991742381e+00
2.888850155536079711e+00 -4.248211233892709160e+00
7.211926675112891871e+00 -1.099410861541059603e+00
5.887542445415054004e+00 -4.030635723687817418e+00
5.042174532914494023e-01 -6.034370024287838419e+00
7.764036625064068886e+00 4.828795741295934363e+00
-8.064627025919840264e+00 1.275400016497775724e+01
-1.047560752244711502e+01 2.456620981601560061e+00
-1.362825789678133503e+00 -1.185068695663303018e+01
-7.355617611144836587e+00 -2.057143322125886797e+00
-4.718882406342972402e+00 -4.127839467604101031e+00
-5.756447230764081269e-01 -2.268446793318863897e+00
-5.177355947725388319e-01 -4.481593351758885291e+00
-4.180288906429648677e+00 7.702908668077146359e+00
-5.353463548407875194e+00 4.635167078138564989e+00
4.824852952560018338e+00 -5.710599058016914142e+00
-1.114348418982633149e+01 -3.295525256491712796e+00
1.234347789600123235e+01 -3.378718888182319802e+00
3.152758569089670004e+00 -7.465398714712494055e+00
-1.065131079893561150e+01 4.160717984218091914e+00
-9.232153036834771953e+00 9.826053631340947447e-01
1.006705886371915426e+01 1.222633860676182849e+00
9.007876485541792988e+00 -6.078899733494958824e+00
-1.285541170079983075e+01 3.464665625731406351e+00
-6.827672332662700683e+00 -1.434648445774860370e+01
-7.920766129072447370e-01 -1.425194069113543094e+01
-4.497087527318749167e+00 1.072226462263497382e+00
-4.279388433246692713e+00 -1.209556989115525383e+01
2.244055824015823930e+00 1.018241640685800675e+01
-9.731132947763279972e+00 -5.414250316417964726e+00
-1.019011943708377999e+00 4.899931353526181255e+00
-1.156748146784063636e+01 1.416073770857465774e+00
-2.178577652337644111e+00 2.461397605602282823e+00
9.012218305779462924e+00 1.327994229599604736e+01
3.764393135411747693e+00 -2.433156932340731160e+00
-1.303115882552482319e+01 -9.890469984943770498e+00
-9.800535861922963221e+00 -1.029625732072911859e+00
6.674032371865909141e+00 8.002253857891492572e+00
-1.237626257527256968e+00 -1.604226120248002019e+01
2.498567356298838860e+00 -5.895115238138679103e+00
4.086455514839791192e+00 -8.786079818751124648e+00
-4.944058213071711450e+00 -6.451067210447265055e+00
1.734785514856145738e+00 -9.869312713647605761e+00
1.628760958040807338e+00 -1.582893083735800310e+01
1.286391465999177086e+00 8.284292964722315133e+00
1.337702552202763684e+00 -4.613799125439731696e+00
-5.705532504223459256e+00 8.154748050474147192e+00
1.330474382432004887e+00 1.791191039435329202e+00
-1.154904279828252456e+01 -3.814661636954959079e-01
5.886498160850877071e+00 -7.644274214160866165e+00
8.848000782153160770e+00 -1.268355285303185909e+01
4.768216727481796369e+00 -3.467743930263544883e-01
-2.675727779737256284e+00 4.769640110867030103e+00
-6.223302453929072442e+00 -4.062456591883016443e+00
7.582465111286904147e+00 9.993635850578737490e+00
5.760533248336972889e+00 -1.372355042153656690e+01
3.865994311211114365e+00 1.373264074527443057e+01
6.865364061315759159e+00 2.812625553482604346e+00
-1.440152720633146188e+01 -3.765014164869196378e+00
8.846432928626470016e+00 -4.208934783749489483e+00
4.500722705481848607e+00 7.480073754259219498e+00
-8.019529763332364780e-01 6.468729321486517136e+00
5.350225759066233877e+00 4.734684193359143478e+00
-7.547031489092697498e+00 9.723008351266763327e+00
1.006006934122492424e+01 1.198045472348125529e+01
3.586787940266738417e+00 1.782569027135579631e+00
-7.319081611787794373e-01 1.502564478279097671e+00
1.053527129952411201e+01 8.153412956519812127e+00
7.732916219767371757e+00 -1.416994121652631122e+01
-6.171144564364096752e+00 2.416285850610197627e+00
-4.769368493166439293e-01 -8.374847663002290332e+00
-7.538646027089775714e+00 6.845964768801202638e-01
-4.706321767250789989e+00 -1.092448601057146362e+00
-1.314685080980673249e+01 7.556396853007314007e+00
-2.517148053716812939e+00 6.760519803964808006e+00
1.334142563808915938e+01 -2.258022995365697838e+00
-1.017465429762327744e+01 8.757689650231995415e+00
1.438378660673372167e+01 -4.199224375991295943e+00
9.870734505603056874e+00 -3.101815136829602082e+00
7.055047620055901803e+00 -5.261319571422706787e+00
-1.448338274907417755e+01 1.214809778774988303e+00
-3.750059293246756909e-01 3.024168959621253094e+00
3.178760083428272765e+00 8.979345392293367922e+00
-3.909956964929786949e+00 1.047637224376524046e+01
-1.621230106605634091e+01 -3.719052644897951510e+00
-7.212807391507745081e+00 1.121130852073408946e+01
-8.240195282778614683e+00 -6.789424496104786044e+00
-1.620278251583102502e+01 4.100557028619967070e+00
-1.067890327924871485e+00 -4.379642876478513358e-01
-4.919367000511067900e+00 1.494891057179781058e+01
1.119709261975174641e+01 5.883295471943668531e+00
1.199241546554728899e+01 1.956585917200026614e+00
3.799222144336543039e+00 1.078397032683852785e+01
-6.448491369396315065e+00 6.836516068853075723e+00
3.694291622398196751e+00 -1.535928161376784473e+01
-9.921860560677910001e+00 -8.059527816758750518e+00
-2.822532820020398958e+00 -1.268290403699437618e+01
1.247531553212450461e+00 1.184480737338100553e+01
1.266950517187557779e+01 -1.066103289435019974e+01
-6.768619755719726072e+00 -1.078514070306834860e+01
-4.299975170131258295e+00 6.067703566412745886e+00
-1.506706307841552572e+00 1.631924941579517707e+01
-9.304829867980688007e+00 -2.574223359958972779e+00
-3.034557451751039636e+00 -9.482596737850109037e+00
-3.570853376451541550e+00 -1.633018743530440275e+01
-1.200605222016646323e+01 -7.472215313867280884e+00
-3.417006398591109217e+00 1.207665901500627470e+01
1.050328004917535196e+01 -8.842637109477417212e+00
5.797388111577053138e+00 6.405893523793235289e+00
1.399242388553208372e+00 -2.881308182758207437e+00
-1.208300398349718918e+01 5.990434109731829437e+00
1.172489058306894094e+00 -1.351412398078513100e+01
-1.460813341482123207e+01 7.043077443697857376e+00
8.185957318744954136e+00 1.198353392817202945e+01
6.258369470364151255e+00 1.241154818725433984e+00
-8.673058235945454442e-01 -6.909734488121090479e+00
-1.547374174626249754e+01 5.764597300730560647e+00
1.389944854068224700e+01 -8.638233384428726680e+00
8.853816544955087409e+00 2.522540609556759961e+00
-1.823410627622429558e+00 8.382973980345731491e+00
-3.989126871925119389e+00 3.449166143574089460e+00
-9.672709895488750931e+00 1.307214103955928763e+01
1.355979663929327117e+01 4.581257726475147507e+00
-3.253963688252625275e+00 1.371179353433107906e+01
-7.131287228742095863e+00 4.032866045233660657e+00
4.413331558998880411e+00 3.478160049291329159e+00
-2.021880059199361312e-01 1.098000096418581961e+01
-1.571369357673263956e+01 -5.756544456922302544e+00
-1.209975232015121094e+01 -1.136530631116821866e+01
-5.787310283999801186e+00 -1.313486423763229993e+01
5.574370309475987995e+00 1.313119351884363795e+01
1.066861977179562260e+01 2.925469070331562449e+00
1.991926201219037296e+00 1.356765031707247360e+01
-9.311786054702240634e+00 7.489110158774607839e+00
-6.008091879489255049e+00 8.938015686075928556e-01
-8.560218665035447927e+00 -1.435615927999152142e+01
1.073230565834701622e+01 -1.238288366725925016e+00
-1.004775199335448121e-01 8.980670722065699607e+00
-9.359222031514118356e+00 -9.621630427481408177e+00
1.400371252179632720e+01 7.589629571560365662e+00
-1.439020796513695899e+01 3.163354283184478533e+00
-2.310907939299713831e+00 -3.832278564620832384e+00
-7.930071491622291191e+00 -1.295087244891143463e+01
-1.195694743102750301e+01 -4.796390417466854572e+00
7.594891918638779771e-01 5.961685337716577493e+00
1.426322560979307497e+01 2.590141428137844315e+00
5.873415023923993061e+00 -2.158142133475866586e+00
1.624310583946515862e+01 -7.140876673455665014e-02
1.173983462771374064e+01 4.470616876805877382e-01
4.239132144213780151e+00 -1.393757003076162526e+01
-1.303534467394890584e+01 8.182659642798313371e-01
-1.633035085743027537e+01 -1.085165535151531913e+00
-2.663173602589969491e+00 -1.109097578871237033e+01
-6.257962359318398171e+00 -7.111696085025300818e-01
8.236436893050225194e-01 1.545285959473719117e+01
2.778436609944954228e-01 -1.652408924675936674e+01
-1.150503147757398281e+01 9.582825686890650729e+00
1.261390800436785042e+01 -7.853324253108734609e+00
9.788987317667174892e+00 6.622323533194872880e+00
2.440402117684737249e+00 -1.453203497835740521e+01
1.044511748827721931e+01 9.784540830201862605e+00
