# Antenna elements layout
# Station label: stn.231.E2-1
# Number of antennas: 256
# Station diameter: 35.00 [m]
# Antenna minimum separation: 1.50 [m]
# X[m]  Y[m]
3.716757678223331141e+00 -9.351120383725973539e+00
-7.817962045611004385e+00 -3.140687159886908830e+00
7.467445032784603143e+00 -2.644345586786629454e+00
3.498665818028456442e+00 8.990478285396804381e+00
1.422277269473030614e+01 6.744712957792128094e+00
7.123399088294018355e+00 1.028619773462303044e+01
-3.734182088794179677e+00 -9.707840459092874852e+00
-8.078862858708976802e+00 5.681196035598251370e+00
-7.725722464538620216e-02 1.307406170444917493e+01
1.188770628199569046e+01 -7.171357657723236301e+00
1.555347667215204410e+01 1.858818785692765374e+00
-1.221743780893517162e+01 5.244429239287338618e+00
-2.465072797968494100e+00 -1.478693370976999333e+01
1.601229845202137625e+00 -1.501195088804910505e+01
-2.047173899800299068e+00 1.482170718135691345e+01
-3.726350072331847230e+00 1.912840655645251076e+00
6.469393083164121094e-01 7.073493024594899481e+00
-1.230107813862582411e+01 -4.911024688698280016e+00
2.510704664430633670e+00 -1.192885824092812541e+01
9.027884453350552008e-01 3.838909664039768188e+00
-1.458085505818564087e+01 2.884981190287323471e+00
-1.285584835777078361e+01 7.156607998911795221e+00
7.831668525178010043e+00 1.470877725269274094e+01
-8.832972977529811587e+00 1.392591503519140517e+01
-7.459230401591019799e+00 9.780876563708073235e+00
-1.074784647072825194e+01 -6.095074712141677509e+00
1.375598487393389036e+01 2.407435562786798044e+00
2.524716096510509544e+00 -7.040271656546140733e+00
1.680189912253197804e+00 1.465000101649454223e+01
-1.031837174888796227e+01 8.781610939174463226e+00
-5.715195591837261446e+00 -1.628428535061988924e+00
-4.549940791242496729e+00 1.094249369872391142e+01
-1.194886151632327476e+01 -7.762321972456852848e+00
-9.657909749042481451e+00 -8.825296509558217650e+00
-4.621668383222823806e+00 4.083800996294321806e+00
-9.245867850261831222e+00 2.335436854530829720e+00
-9.996168424525617269e+00 -3.531381856814933329e+00
-6.307719537815529520e+00 1.097753627474769189e+01
4.636725690430274938e+00 -1.386784192752857869e+01
6.539231730917570928e+00 1.288182999541885110e+01
-1.367459400774637679e+01 -6.118375825415556690e+00
-1.087413030455088858e+01 -1.223993708306975847e+01
2.727382139405332140e+00 1.308932080516256491e+01
2.245589487412729568e+00 5.301667461201528653e+00
-3.519734511933251042e+00 8.053550481490994173e+00
-2.226666587034372924e+00 -9.236265214554002512e-01
-7.911206387805187035e+00 -6.040787635106207532e+00
-8.457042952077962639e+00 1.095309455022500345e+01
9.348920483894247013e+00 1.260228858357550408e+01
1.411450125231615260e+01 -2.108575081122612715e+00
-1.359747169517540399e+01 -2.518672248140397585e+00
1.249557294293600407e+01 -5.282263457598968870e+00
2.990071229040303535e+00 -1.172621749024543192e+00
-4.910139815196023605e+00 8.924128392569588897e+00
3.513141125438284718e+00 3.422228321333836476e+00
-1.238803575777540189e+01 8.749407060979965678e+00
6.240437206200713405e+00 -8.319957261381270897e+00
5.905138627501131054e+00 -1.490258361366991480e+01
9.805282090818710827e+00 2.627608727732138050e-01
2.972135290302823307e+00 1.965075906342242718e+00
-1.167809684200943821e+01 2.779822304990471338e+00
-1.627292314511835514e+01 3.634497614810236144e+00
1.104887238167469832e+01 -9.160319520244009084e+00
-9.566744001094715344e+00 2.304536859413879313e-01
6.122894790328242465e+00 1.438856652458933283e+01
9.174148201399521696e+00 -2.424170072814504806e+00
2.684353956644770278e+00 6.945108520018617781e+00
-1.420117621155583265e+00 -1.188605406382982821e+01
-1.208544105664717172e+01 -2.833661264670949365e+00
-8.093851032743087259e+00 -1.266102025751654381e+01
4.566470464429617238e+00 6.252961139334047402e+00
-4.162008868679427209e+00 -6.459402450961885478e+00
-7.679404213018525382e+00 1.264311166446981360e+01
8.473477205194122064e+00 -1.164665660898331367e+01
2.647020284869213924e+00 -4.858275320050958967e+00
-1.337731081016226753e+01 -1.563796371586967382e-01
-2.594332786375188604e+00 -3.284959708480609919e+00
1.096929982706474860e+01 7.522632390109119882e+00
-1.479000337754253991e+00 1.007241099898696035e+01
5.064258305077089517e+00 -2.410943065383216677e+00
4.151533486834097175e+00 -5.715425230002372459e+00
-6.141598943995717264e+00 -3.700295428300689693e+00
1.535855734380042747e-01 9.869193058214307257e-01
-1.330006253306876829e+00 3.253610776193767151e+00
9.696094661193313868e+00 4.816753234718156307e+00
1.349724472100725592e+01 7.540437981130878597e-01
-1.610672551238563344e+01 -9.366669219477259389e-01
1.168765551217926557e+01 4.943662567450580525e+00
7.149221195634442694e+00 -4.114932486922691979e+00
4.371226758010593016e+00 1.598472302833190639e+01
-1.653605395245864074e+01 1.807449926552965991e+00
-2.933399958732437085e+00 -1.160753967788438068e+01
-8.202145211454165974e-01 -8.049657862772788164e+00
-1.449347618285218431e+01 5.707887074581122988e+00
-1.857815241063720535e+00 1.275414913050055077e+01
4.508985840059587247e+00 1.289008609698227303e+01
-1.504661573762700044e+01 7.116785730741202798e+00
-7.533974969716922487e+00 6.378849802139114900e-01
-6.802039719309382448e+00 -1.506440321699281171e+01
2.408568568595743642e+00 -2.855568431826359443e+00
6.191137970790055789e+00 4.048318174507681277e+00
1.515457675070786081e+01 3.905728451760083431e+00
-2.659614224657488535e+00 1.116716685420016475e+01
1.196520717318085758e+01 1.060879345444821098e+00
1.078200581144869830e+01 -4.537745301491067806e+00
7.355767775790127416e-01 -1.245250153265909887e+01
-1.326694634601112810e+01 -8.777863319835370604e+00
-4.720635294102583757e+00 1.550945178746673747e+01
6.600622157028475101e-01 9.516129135910283310e+00
1.647857479552314430e+00 1.095614375818707842e+01
9.257391760893831645e-01 -1.046543047107222435e+01
-6.234850938428470712e+00 1.475572259953756316e+01
-1.189090816481073176e+00 8.194336312450772652e+00
6.026780357215780981e+00 -5.268950679960830996e-01
-9.173254137659046847e+00 -1.052572516980706041e+01
-5.751120156468310540e+00 6.419963702683041618e+00
-1.793471502131716022e-01 -1.393736786638794456e+01
8.894388576619540743e+00 3.409096632085478973e+00
1.174961119505502438e+01 8.853971069430158991e+00
4.935184601530703929e+00 -1.218378964602574399e+01
-5.099194178854848047e+00 -1.446456348205891551e+01
8.623821378460455378e+00 9.354153041736861240e+00
-3.020557481116554754e+00 5.678629539559008066e+00
-1.112935871611209571e+01 1.099340830711235384e+01
-5.182310216167920203e-01 4.592902718603845358e+00
9.214296457608025293e+00 7.667018970602278216e+00
-1.545945496060140911e+01 -5.778524799086888208e+00
1.337634288080425193e+01 -8.803707574802569269e+00
4.957372713152004451e+00 1.050029714973219797e+01
-1.567550154598285062e+01 -2.811262920275101607e+00
-7.596268260628043834e+00 4.011923422081817847e+00
-1.335291000631231384e+01 4.016228719390024793e+00
1.536076890749739476e+01 5.739177770038605075e+00
-3.438431030177397929e-01 -1.190603923548504639e+00
9.016903062993517182e+00 -5.650126360185085517e+00
1.602313714093298813e+01 -2.522745685655007009e+00
1.367397797038836416e+01 -3.554009345243645868e+00
-4.508769229741446338e+00 1.268570029636517660e+01
7.730621200983151198e+00 -7.201763703666125949e+00
6.628119110655493529e+00 1.115960670881758432e+00
3.887738771244237057e+00 -1.538707411518625356e+01
-8.701742417590807577e-01 6.106213178182368750e+00
-1.671004071065988583e+00 -1.660034028612922796e+01
-1.190641354546992048e+01 -9.954244614392006696e+00
1.007198843737440797e+01 9.841469935142935554e+00
-5.580512567670908197e+00 -1.182479439028580437e+01
-8.028116360043147992e+00 7.565543449787753616e+00
7.753781481306958767e+00 -1.402832230927518253e+01
1.935459116636202737e+00 8.362614420866567144e+00
-6.066333816759328812e+00 -1.033228050000306553e+01
8.199388582335771503e-01 -7.642313537511148169e+00
7.678560328920056577e-01 -5.060791780254618288e+00
1.484031376062119989e+00 -3.011983808983451638e-01
-9.932499901788940377e+00 1.229285182346949767e+01
8.366486051720446682e+00 -9.301914309233820788e+00
1.042747373662068711e+01 -1.287589305164668829e+01
6.225261213574942332e+00 -1.032951993618806164e+01
1.510613544698409783e+01 -6.707530402070249309e+00
6.021205218589976482e+00 7.753679889196448016e+00
-1.156839204920565578e-01 1.656443562498147770e+01
-6.066492508199807787e+00 -7.746219174787253081e+00
-7.610918275560299762e+00 -8.851474880130425049e+00
7.985106133824814378e+00 1.187189542484645699e-03
1.191160520412476842e+01 -1.133367669117740206e+01
-8.497324627501116723e+00 -1.439964382678978971e+01
-1.103316109199226602e+01 6.632225065674859366e+00
1.221626595065569276e+01 6.429751270911328476e+00
6.901682363875853099e+00 -5.684718092908099152e+00
7.922243098815911821e+00 2.089505792992394362e+00
1.572744282107288427e+01 -5.241313132397991126e-01
1.117041365267891706e+01 -1.931057236523139764e+00
-2.023152135006617058e+00 -1.029738473698939494e+01
1.520168186719565995e-01 -2.825330523424357310e+00
2.029059647029534119e-01 -1.564118003579871363e+01
2.777533213279752999e+00 1.641733514673261851e+01
-7.504749045749042224e+00 -1.008467900079736523e+00
-5.422377789730116859e+00 2.588413674233603246e+00
6.314305607536539355e+00 -1.295717900709882997e+01
-1.224439487977203811e+01 9.885798307932489593e-01
-1.563954477345015803e+00 -5.220675525614705492e+00
-3.426580489033581145e+00 -1.890374291625104064e+00
1.346584438813970408e+01 4.958497590406405919e+00
-1.031085659470970128e+01 -1.521653473407775792e+00
1.212189796230867245e+01 1.134178029673082833e+01
-3.272080269486767889e+00 -4.992249584255256778e+00
-3.745446225711139832e+00 1.444635150259081513e-01
-2.226591724816811890e+00 1.352714410551829616e+00
-9.872106375118052668e+00 5.248398192938662277e+00
7.017208149219690938e+00 5.913703643032349078e+00
-1.388804032845017034e+01 1.482941473909296093e+00
1.208340209032503410e+01 -3.727855534715560637e+00
1.120806851232434198e+01 2.806816545923862094e+00
-9.860359826330290289e+00 -1.340062765972140646e+01
1.270584834687792863e+01 -7.779250732712377214e-01
-3.642600913632509929e+00 -1.365033558826101689e+01
-3.154808404773721264e+00 1.619119842276016641e+01
-8.898334967482586677e+00 -4.902914478506916751e+00
4.040423472515158210e+00 1.431702175624750240e+01
1.317197150538369499e+01 9.855590456489320417e+00
-1.446475767601522833e+01 -7.477269618253606254e+00
4.150063838385197101e+00 4.874153416677664552e-01
4.023191934172306361e+00 -3.509812030584530618e+00
-1.524558442364548405e+01 3.899330192094367931e-01
9.446808630482834701e+00 -8.065366837637069963e+00
1.523471175242052311e+01 -4.459484183266360091e+00
1.440748088774305558e+01 8.541971955254918925e+00
-4.593661561687566675e+00 -3.391330605718955837e+00
2.867922451052109523e+00 -1.416938127402308112e+01
-2.387338635157199462e+00 -6.613577899380370440e+00
-9.429645263848712489e+00 -7.164849878026535279e+00
-4.348084229391062649e-01 1.151724956487381846e+01
-3.405435017815939602e+00 1.376093272494442843e+01
-2.988228868277884587e+00 -8.245515445374602237e+00
1.919729713482585254e+00 -9.071902741025162697e+00
2.388804018940881235e+00 -1.633026778533135825e+01
5.003136552031676842e+00 -7.100337992734635506e+00
-7.376285759647963403e+00 2.307153575795076961e+00
-1.006601757188701285e+01 3.615536591989020110e+00
-1.486685454988382737e+01 -4.257519224945461644e+00
4.493396904618791154e+00 1.969467456522281168e+00
-5.462206980560420533e+00 -5.229623878381911339e+00
-6.123022386507521730e-01 -6.562895345627536514e+00
5.558394997203503607e+00 -3.883469619561413566e+00
-5.613330051334237680e+00 1.786798203545743036e-01
5.102367424759759018e+00 8.966974536761696868e+00
9.958578949315597839e+00 -1.129564693873611603e+01
-5.489405894496570681e-01 -9.695007156318720121e+00
8.667704523874654399e+00 -4.004351154804687951e+00
1.041192726315124162e+01 -6.819043223776075635e+00
-1.188418295959781901e+01 -7.198883920211791576e-01
-8.729541533547047649e+00 8.914396226729746076e+00
-8.777050640262562098e+00 -1.942357158239202519e+00
-1.392499711838110521e+01 8.815641006044295125e+00
1.138876603616854055e+00 2.227215388594359524e+00
1.354983396105071591e+01 -7.259638783056868050e+00
1.001415460580143701e+01 6.316415619167365492e+00
8.672609834058810918e+00 1.108020667391129521e+01
-6.127185084815016225e+00 4.723128026491227871e+00
7.663242953567433347e+00 8.036635297558625268e+00
-3.105747834686034992e+00 3.467628121302510635e+00
3.808830141979509420e+00 -1.086681411128208374e+01
3.507021723212673692e+00 1.118812845868375305e+01
2.288592412324419456e-02 1.461329749873141282e+01
-6.043407537252484474e+00 1.279531975539548228e+01
-3.536397895173010397e+00 -1.608204642657915073e+01
-4.201256226494482604e+00 6.635097468906923979e+00
1.257689812176331756e+01 3.553731772324251637e+00
-5.127246960200343651e+00 -8.966746035978850671e+00
-6.585628454348459115e+00 8.106856647905665625e+00
-1.270887912589790858e+01 1.043472834483588585e+01
7.863461610795390300e+00 4.604575863603216135e+00
-3.154834237032149602e+00 9.561791539820795549e+00
1.292754949446537438e+01 7.869554526523764082e+00
-1.071958724384967354e+01 1.325446935889498690e+00
-6.577878051600640319e+00 -1.338557177003491461e+01
-1.704201928356907203e+00 -1.348534535043984839e+01
