# Antenna elements layout
# Station label: stn.445.S12-5
# Number of antennas: 256
# Station diameter: 35.00 [m]
# Antenna minimum separation: 1.50 [m]
# X[m]  Y[m]
-4.741489651614614331e-01 -3.549398604574975025e+00
3.838020766222690838e+00 1.000701805563005919e+01
1.097713251071968088e+01 -6.551532339034579877e+00
-3.831477817168909894e+00 3.475301646201941708e+00
-8.844200005040253387e+00 -5.844712207644874979e+00
-7.827271089066504928e+00 5.189017515523314472e+00
-1.167595147780708587e+01 7.503419297252715836e+00
3.404489552880427539e-01 -2.169760348629168334e-01
-1.389486422596261583e+01 8.796401962952092646e+00
-1.542569354436488993e+01 -5.687710460524305844e+00
-8.162702085963610799e+00 -1.179997809588297741e+01
-9.385661911275066771e+00 -1.580480171657310251e+00
-2.294900101185465502e+00 1.078106647134126916e+01
1.196037104734034884e+01 5.002173309633921150e+00
1.843575793573322130e+00 9.273060778938102544e+00
7.964308042294312884e+00 1.183272062091046450e+01
1.746564084120656446e-01 1.151771884994204953e+01
3.478964508771209552e+00 6.923715146375027274e+00
1.417225696532797841e+01 4.304586391057181771e+00
1.103617964007685970e+00 1.471008897880390975e+01
2.751580173950824104e+00 -1.197491176426111004e+01
1.592137931805257978e+01 -1.376197508903903355e+00
-5.355296539905248565e+00 -1.045069611250448460e+01
-9.504129872667633094e+00 6.831396695703272570e+00
-1.303329548287710082e+01 6.188048194887336706e-01
-6.827364983351248640e+00 -9.420514877732566461e+00
8.423690322133492003e+00 -1.209931836506819103e+01
-1.378588506427711202e+01 4.641661014428851928e+00
-1.221466444104686921e+01 -5.575753847473388092e+00
-1.059659204388023213e+01 2.446709132559554689e+00
6.128894598476566813e+00 -3.637915955036397975e+00
4.375293459200531032e+00 -9.811593344200986166e+00
7.716506471270847101e+00 -8.252158516711483927e+00
4.261035903817720794e+00 -8.151599545268121361e+00
9.993352885804398511e+00 -4.580773762702616381e+00
1.072293355345234289e+01 1.413500083094142212e+00
-1.130446453655378036e+01 4.164903826395942588e-01
3.439608144143495139e+00 1.461475616771791408e+01
1.460262020294890561e+01 -5.540901045693596316e+00
3.423162878411364574e+00 9.471891035555266569e-01
-1.500952707944845699e+00 3.865781048726006475e+00
5.735636849461798192e+00 -1.160531065878234180e+01
9.174944646572072315e+00 -9.175256422709846760e+00
1.159097560918507597e+01 -8.672961276359385963e+00
-8.340412889034567456e-01 -1.202817993732503510e+01
6.840105604831123287e+00 4.081991141404202494e+00
-1.270767380123267287e+00 1.476667079170287167e+01
-3.221394755175962743e+00 1.361518824517119697e+01
5.887336816347428226e-01 2.063912798679407246e+00
1.630831225429110276e+01 1.324091016169408164e+00
-4.148754195478021600e+00 -6.837654812362258028e+00
-1.366831642967579619e+01 -7.762214218775472574e+00
7.451290870581246395e+00 -5.058641683868573935e+00
8.850423713143815263e+00 4.868036071100938500e+00
1.069804051893324726e+00 -1.084147490392713031e+01
1.170629920093433896e+01 -5.307585192576169675e-02
1.638473542070464362e-01 -1.555536211194352347e+01
-2.618866717427062341e+00 -6.757658247023220710e+00
1.283428460380116221e+01 1.613279824960773823e+00
-2.974717372195208043e-01 -5.817887572289782483e+00
3.368877331185434088e+00 1.273545662101061282e+01
1.414297372190706525e+01 -8.339395529585821976e+00
-4.251801555475463346e+00 -1.254168461165130743e+01
1.102111960008937075e+01 -1.183465786480033799e+01
-1.362785743016402229e+01 2.105363466544851292e+00
6.428417425428712306e+00 -1.284984166290755070e+00
-6.837190487311994858e+00 1.324632503770022396e+01
2.983208873112211279e+00 -1.694841127717571894e+00
1.189686681858196593e+01 -1.896112379960607441e+00
1.306963193799396805e+01 -6.778728743860295225e+00
-8.445239729866310441e+00 -7.355022659097555149e+00
-8.381585526660353835e+00 1.584007906860968262e+00
-3.092115091669210614e+00 -3.072320220560577297e+00
-7.508622941361872805e+00 -4.163621530500197565e+00
-5.976043050518558886e+00 1.624290981637461329e+00
-5.305393527416290667e+00 7.211023526548629548e+00
7.772367234661814450e+00 9.555381848833999214e+00
5.640874505020114782e+00 8.889353511480102554e-01
-1.203839575560817110e+01 -8.226620477033126377e+00
5.530857270115838276e+00 -6.370240969307380041e+00
-1.269789600302238064e+01 1.079187724118524372e+01
-1.006443893871367834e+01 -8.253373462398073457e+00
-4.859328814604785052e+00 -3.436372211736749449e+00
1.524118358381802807e+01 6.188017814746448408e+00
2.526540550223646875e+00 1.128146509672932751e+01
1.352426670111781704e+01 -3.120944462165944344e+00
-7.815898572215083107e-01 -8.521081715110494059e+00
5.049347152619709789e+00 5.808903246092089745e+00
-1.175335259197133553e+01 9.468422742384586144e+00
-1.559852185890358101e+01 2.470081636258580460e+00
1.539512058428726959e-02 6.195466255293986535e+00
-1.630427285207165511e+00 7.104609497725974165e+00
2.796025604006903365e+00 -1.554207121549109871e+01
-4.406456536423073445e+00 5.389971578562740007e+00
1.043367340963709466e+01 1.135595686386202274e+01
-8.254463766738425079e+00 -1.437328355283166559e+01
-1.008627735724237340e+01 -1.091031631460714024e+01
9.822096950662551507e+00 7.208611045866490485e+00
7.441278933753512348e+00 1.013692514115472676e+00
4.271778399759067923e+00 8.302852506833989565e+00
1.220724371907290617e+01 -4.036037520258057398e+00
1.370496199878676435e+01 9.489322350464107103e+00
1.564702465788499097e+01 -3.451878715958260457e+00
-2.528203755588256385e+00 -1.442679855507921616e+01
8.074083527012035688e+00 -1.408565335663042895e+01
7.324818605290449369e+00 -1.040392484546108598e+01
-7.799485073922843625e+00 7.179778345344995927e+00
-2.834308005073827630e+00 -1.175077504831421926e+01
-3.580053924665200782e-01 8.045481408051454508e+00
-1.604748098247413779e+01 -2.780402459170289831e+00
2.470058883526188964e+00 -6.759616690041262643e+00
-2.903985166052438061e+00 -9.091554465817246466e+00
-1.223548623347408437e+01 -2.486454253938642722e+00
-8.005155542697494297e+00 1.453377418875260219e+01
1.002689172935959760e+01 -8.358887078411214588e-02
-9.992599775917257787e+00 -4.698543873779101432e+00
8.140351711961198333e+00 2.516571805074672596e+00
-7.430708249746988514e+00 2.305192976166452468e-01
9.830199812611095211e+00 8.835429409452228100e+00
8.400180622167727762e+00 -1.630839029476419455e+00
-6.136689919903204782e+00 4.672118369444230979e+00
1.910945083697207281e+00 4.942768959294063791e+00
4.011337538453496165e+00 3.816417822675468585e+00
9.890542356073755315e+00 -2.828183837960501990e+00
1.029858464822780206e+00 -7.372905186358019947e+00
-5.347057928050213960e+00 1.035115218915439783e+01
1.284289332619803048e+01 -1.012368527813283237e+01
-6.502175506489527024e+00 -1.376708330025014426e+01
1.444367943865038129e+01 4.159086663143938267e-01
7.227591577668885492e+00 1.473817834107647684e+01
-4.581822892440715833e+00 -8.514988835750878948e+00
-1.061937907991955576e+01 -6.604188547196725878e+00
-1.827486054824799311e+00 -2.124197315267949193e+00
-6.241374073083072460e+00 -5.303958711033674334e+00
-7.228950813924086560e+00 1.138007026854673853e+01
-8.088523031346824155e+00 9.225545455049402932e+00
1.430212896773365117e+01 2.072072151818005636e+00
2.943577966193601014e+00 -8.881326366214240764e+00
-5.012685975254738580e+00 -1.507794215445082742e+00
-1.416208993404525529e+01 -1.914686397940624119e+00
6.090960863151757110e+00 7.679308021982354404e+00
3.720194276519830368e+00 1.619071007491335479e+01
7.343123495434454640e+00 6.760349571055076723e+00
9.665689601995385516e+00 1.304379986269197644e+01
1.140414622767021768e+01 7.904550594271313457e+00
-6.422229774104270206e+00 1.528493977287166672e+01
-5.020843933029523143e+00 1.461033010368528551e+01
-2.611865913027283881e+00 1.810764875319321732e-01
-9.582494924893152799e+00 4.903168312692692155e+00
5.572404379875678160e+00 1.194501931212434442e+01
-6.403666720030495085e+00 -1.159863131820712923e+01
2.384896856312305857e+00 -3.077583983241584775e+00
5.285881615143548373e+00 1.353506758870838667e+01
6.101617912297506052e+00 -7.892022840841928399e+00
3.981353625316064182e+00 -6.094511998140665909e+00
-1.602775713324330553e+00 -1.617855953212884046e+01
8.819181000775408563e+00 -6.204341118784842735e+00
5.435958664656762807e+00 -1.424542351200416945e+01
-3.931034676669170835e+00 9.938148170797305170e-01
1.239264650322315475e+00 1.285233041808828958e+01
-2.992717735849145910e+00 1.629148371662114414e+01
-1.838180178832899969e-01 1.351639910382739629e+01
-1.053972734399243016e+01 1.201773375139888600e+01
-7.936871179006930177e+00 -2.532787321340078890e+00
-1.006029208779159489e+01 9.599177927150734035e+00
-7.221654228714733392e+00 2.807453553390768519e+00
1.088567143266590875e+00 -1.241719560971678682e+01
2.420610365459236135e+00 -4.888625316338206517e+00
-5.076711199732422131e+00 -1.464060436140315957e+01
1.049962169487443475e+00 -3.880559248068633948e+00
-4.909689774479240043e+00 1.225770084815131611e+01
1.321401565752321972e+01 7.884842747296428200e+00
-1.179330322444349832e+01 4.954838275747928122e+00
-6.958837985058284659e+00 -6.996254477771271851e+00
1.228803544453386110e+01 3.117842656627129116e+00
-1.457473684442634010e+01 6.992306405015941806e+00
-6.743705005142592412e+00 -1.382741315282260075e+00
1.099898009248246211e+01 -1.012438668821477350e+01
-1.213665377550100288e+01 3.241629915871406808e+00
-1.178417912972013859e+01 -1.189880578081135631e+01
1.145828079672272892e+01 9.874332607931389560e+00
4.777847098541489146e+00 -2.233182640318341683e+00
-1.326860429278279163e+01 -9.860164806832338869e+00
2.254403396529973236e+00 -1.399062988569757415e+01
-1.628462470434625331e+00 9.318748019503718893e+00
-8.477749014954980566e-01 1.129997157847551392e+00
2.381291462374299783e-01 4.463547901845814181e+00
-1.434964380554547780e+01 -3.444776722940728675e+00
1.603144249934125298e+01 3.777712748437142665e+00
-3.960118036155520826e+00 -1.597481535160666688e+01
-1.566261175081882939e+01 5.195846669603216839e+00
4.232136659705858506e+00 -4.153972428661097283e+00
-9.339375103552089996e+00 1.365879468369553962e+01
-3.600803434509323608e+00 9.267455387509720310e+00
5.091707892538106961e+00 2.416462361024649397e+00
-1.672934052109512493e+01 2.551024892111044551e-01
-1.161982338571707629e+00 1.232951282615546162e+01
1.378840770110789293e+01 -1.056664462271047711e+00
-9.341988936923915077e+00 5.421784837541920865e-02
-1.612247595361853314e+01 -1.149806981961074115e+00
1.544439382409091621e+00 7.433427097726745814e+00
-1.219631585370947491e+01 -4.042507006711087314e+00
-1.123679879750306299e+01 -9.808500932736208711e+00
-6.868225856978368071e+00 -1.525899517069414912e+01
-1.287410822146928346e+01 6.165574403976428641e+00
9.700294974841977336e+00 -7.700303107489611776e+00
5.691649257731175027e+00 1.536307660621920235e+01
-3.089250168584465328e+00 7.499732648056564699e+00
-1.589386071102314446e+00 5.410981708802395929e+00
-3.268822937959399155e+00 -1.419404881894134718e+00
7.873087677617444768e+00 -3.106407149892209674e+00
-1.226112231607395131e+00 -1.352632589625731541e+01
-1.475220992942334064e+01 1.199117350457399311e-01
4.653802637227798300e+00 -1.592071112887241746e+01
9.901111129337387240e+00 2.911083183864558777e+00
6.513765176281125946e+00 -1.292054486429561422e+01
-8.985642835845341736e+00 -9.388054748047716558e+00
1.370489355999456649e+00 -1.937318637996918724e+00
-1.057158935421181667e+01 -1.292860756746548923e+01
1.214040739103661082e+01 1.131149694277509354e+01
-9.143597354148250034e+00 1.139531416308852130e+01
1.561125796466882321e-01 1.631292576794961491e+01
-1.392245248518999823e+01 -5.709905422365126881e+00
8.885469338314369026e+00 1.062793558555823026e+01
-2.831985696171475553e+00 -5.106408134222915507e+00
9.110885486303121894e+00 1.260540276681901162e+00
-3.840125563522333252e+00 -1.047409573628713808e+01
4.142791657303902753e+00 -6.387768416912464886e-01
1.312136333318609971e+01 6.166198848328090065e+00
-1.030828590768571473e+01 -3.031357284268661800e+00
2.076631222365055152e+00 2.588591390108707202e+00
6.596233866614124253e+00 -1.529868334346664582e+01
5.920907087230386168e+00 -9.562484284267187107e+00
-1.043519945973780949e+00 -1.024569434040927973e+01
6.234736970338339290e+00 1.026823024055996214e+01
-1.101160673072661567e+01 -1.239510424767491514e+00
-5.984381828276577053e+00 8.628449656886740371e+00
-6.322327075333920021e+00 -2.846816287487103025e+00
3.818380506337383906e+00 -1.383695683962647038e+01
-2.967986546842862339e+00 4.726188610409845836e+00
8.140199158026813819e+00 1.334222564372311837e+01
-6.595539418660026243e+00 6.269189730869676680e+00
2.038050612231049996e+00 3.252928041575700036e-01
1.131357050438847267e+01 6.368228611662281935e+00
-8.988114439681609724e+00 3.435574156110337896e+00
-2.296915268644454500e+00 2.038358174527061806e+00
-1.274513672933768227e+01 -1.016066879019376756e+00
2.259282687678485502e+00 1.655370597556809997e+01
-3.918455934665422191e+00 1.082344247608046928e+01
-4.664032472604860757e+00 -5.236311473379334558e+00
1.033787192628830454e+01 4.666065911263071797e+00
6.893699756538111956e-01 -9.099724529312515742e+00
9.814165355809837621e+00 -1.305972653245433790e+01
1.334075880519041135e+00 -1.654641598794043489e+01
-4.511110964167382775e+00 1.611703603757837300e+01
8.337976594531710361e+00 7.968295315844216020e+00
