# Antenna elements layout
# Station label: stn.365.N6-3
# Number of antennas: 256
# Station diameter: 35.00 [m]
# Antenna minimum separation: 1.50 [m]
# X[m]  Y[m]
-1.230559135208826937e+01 6.135609428748974636e+00
-6.917603409973434481e+00 6.787560319560171251e+00
-7.174325604333873230e-01 -1.899154578443241093e+00
-1.063751607244677189e+01 -2.163508424959452725e+00
-2.288584576363561496e-02 1.124127975896274734e+01
-4.301606892858478304e+00 1.471598887306813452e+01
1.289251330880174606e+01 3.920038839040358880e+00
2.386848507319427881e-01 -1.444182195829777626e+01
-1.340871732627172541e+01 -5.858639880217983986e+00
2.184089091857217113e+00 -1.066283762877724683e+01
-6.973373847306660878e-01 2.853178884403355653e+00
-5.125619120317018940e+00 -1.395574597139437145e+01
1.138840173520999954e+01 2.090255841057466313e+00
-7.491340284333213972e+00 -8.570356851762323203e+00
1.123630594195306287e+01 -4.471863201427593637e+00
7.061094774982219491e+00 6.952044235883729328e+00
1.146390718615180049e+01 8.616692751776582782e+00
1.145517379008932224e+01 -8.745448230025855807e+00
3.920655218930406249e+00 -4.077219234082303245e+00
-1.354250214105461758e+01 3.373700790184201992e-01
9.814190839268057687e-01 7.669122704836595972e+00
7.208663430819697737e+00 -4.394850154489695626e+00
7.549989056230717921e+00 5.463865472553663949e-02
6.796869302355368347e-01 1.384492407610386167e+01
1.743601190723772731e+00 -5.547751816382312740e+00
1.327477835524577898e+01 6.123784144888901437e+00
-4.825611660586444529e+00 1.249289546092722247e+00
2.918156040426758580e+00 8.988263696548976611e+00
3.884737044225410330e+00 1.427353935533602680e+01
-1.247595450990176502e+01 -4.029230982009627482e+00
2.734984606424518461e+00 6.847776002236795279e+00
-1.961144974991151813e+00 -1.629823683064449114e+01
1.008548698624471385e+01 3.599317820090256248e+00
-8.910434925131069051e+00 1.126879734638729502e+01
-4.862111804803483039e+00 -2.783722795245006765e+00
-2.237190576055237301e+00 -9.320240771761724830e+00
-1.526981868651001051e+00 1.605527895570163821e+01
1.383934464407997211e+01 -2.165030989572478859e+00
3.494201639053287067e+00 -1.536287483086155881e+01
-5.101020210010748457e+00 8.995267204402026096e+00
6.103799336198029835e+00 8.403709182702705505e+00
7.626629067641399473e+00 1.073343668072953960e+01
-5.992424514718205586e+00 -5.010944456231541722e+00
-4.261025340730530075e+00 -6.109791042210140688e+00
-3.581461996761277078e-01 -1.170987120649692415e+01
2.320643842496444620e+00 -6.443289957363269593e-01
-3.008498907921669741e+00 -2.106237562086402448e+00
-3.106012058647321439e+00 -3.894391349231957733e+00
-6.731851861709698071e+00 3.692704036072726126e+00
1.515739097582301298e+00 -1.319664691980045035e+01
-1.183036832853390408e+01 9.437741387665518289e+00
8.996696534165547376e+00 -2.338220192855946067e+00
-3.740344977108669866e+00 -1.140615423400168638e+01
-1.014109481944560898e+01 -4.170171899682731720e+00
-6.454366486214981435e+00 -6.460971641900778550e+00
-2.781248551098530086e+00 4.908647889832220557e+00
-7.841669674851237559e+00 -5.126132403405346594e+00
1.489804212164937525e+00 -3.393785354933786635e+00
1.296252630767277481e+01 -5.706482981005832400e+00
-1.555120959896575350e+01 4.299581015692886865e+00
8.808636076206827425e+00 -1.267496340406061606e+01
1.858970794152604356e+00 1.025313756034061896e+01
5.171611808366243679e+00 -7.955458384885984557e+00
-2.022570161810229195e+00 1.254822698117554580e+01
-1.455197609543794002e+01 1.628208156044784971e+00
3.446606047038898168e-01 9.477395423312675149e+00
4.650158444973843785e+00 5.180809632169733447e+00
-1.098975420247644053e+00 -5.125716369796476712e+00
-3.206055233826573314e+00 1.587515247216806813e+01
1.275799987712744255e+01 -9.602177360889589508e+00
-1.430344590984831399e+01 5.507465382709430202e+00
7.685771335677326732e+00 8.897178888283463039e+00
1.036221411096837031e+01 -8.528090267015642212e-02
-4.392407538191406502e+00 -2.816180910937369219e-01
-3.679309259072475413e+00 6.203320999234215094e+00
1.215479610618395157e-01 -8.254018210335111405e+00
1.580711356361433673e+01 5.249280447386475146e-01
-1.256733167091113046e-01 6.608073534767040513e+00
-1.134192210648318877e+01 -1.091316465959917537e+01
5.306679496919247896e+00 1.085562092456358840e+01
-6.847128867301965016e+00 -1.146495615868569118e+01
6.528423443504124180e+00 -1.435826587315006719e+01
1.239790487651717399e+00 3.665195064641917355e+00
1.864279124409996768e+00 1.645057354843738295e+01
-5.983074678806747926e+00 1.514362975575592429e+01
-1.132579088255825184e+01 3.819829733833280727e+00
8.868846338738997304e+00 -6.350316417095283938e+00
-8.512062551575336755e+00 -1.335727227591670285e+01
-8.507665498339251897e+00 -3.349392433165450100e+00
-1.231915081038076565e+01 -7.679071061126075293e+00
-4.092518801310674803e+00 -1.601371748377163229e+01
1.347025447035884227e+01 1.541128093935448362e+00
1.579603786299476553e+01 -5.106928682851611612e+00
3.786401156067672247e+00 -8.559702987740941182e+00
6.347063063009052541e+00 -1.215681937447336125e+01
5.875103887002158132e+00 2.776808490082334657e+00
-8.851645164207175398e+00 -6.205826871857453852e-01
4.324340838425126066e+00 2.858168143439865361e+00
-1.174713463299422678e+01 1.158647525813773882e+01
3.198946152066486803e+00 -6.105572151316438934e+00
-1.006687184544973945e+01 7.969669971828231780e+00
-1.323586296808082707e+01 3.338714454637614182e+00
-1.281135495276908465e+01 7.892729093945469288e+00
2.140537335858809342e+00 -8.344818754685331186e+00
1.611604766997795224e+01 -1.144948091307838922e+00
-1.468661708359289442e+01 -3.522704118199769141e+00
-5.279900134371764864e+00 1.198667279057661972e+01
-9.950021178873232230e+00 4.933814618662562879e+00
9.622759754197911519e+00 1.166982551331804885e+01
-2.508243256513075892e+00 8.381483772861425763e+00
1.448527074306024076e+01 5.123399746645183939e+00
-4.357571788167859950e+00 -8.357213518344286385e+00
1.421811118844927435e+01 -8.276677420610269564e+00
-1.552738432229432242e+01 -2.171213914230765596e+00
-1.622249157357292759e+01 2.113446854562219812e+00
7.870873158904938549e+00 3.152328797735137300e+00
-2.242600297001208887e+00 1.087217967163608634e+01
-7.414884517678702380e+00 1.193725372634987636e+01
-1.129695714810303819e+01 1.780614910846658461e-01
6.158243226032080742e+00 5.457125125758736317e+00
-6.749984481298678674e+00 -2.493310967243315801e+00
-4.791020922520118575e+00 4.231777175855178541e+00
5.304696006759950677e+00 1.307613344876290995e+01
1.589927328866969702e+01 -3.357592169348993849e+00
1.299594025353080085e+01 8.469035686451103828e+00
1.054951225364743905e+01 -1.096519840291014347e+01
-2.675852330936235646e+00 -5.356711458579255236e-01
5.918886642677851029e+00 -6.281828487194406563e+00
1.576306727489765080e+00 1.221538128885854491e+01
-2.493957712809768523e+00 1.490895142104182725e+00
2.994451181754893554e+00 1.988886276737684256e+00
-6.729064504516523826e+00 1.006700368488461805e+01
4.079391365977699024e+00 -1.280976693129462163e+01
-7.942346153420345445e+00 9.052369008131790906e-01
-1.149659751698980159e+00 4.572696167929350963e-01
-8.561117695675925177e+00 -6.561474291697139805e+00
1.816315968716249785e+00 5.654011990657085818e+00
9.484330110180440698e+00 -4.192894873424029001e+00
9.011211241294880381e+00 -1.045319384680757580e+01
4.820363665379037599e+00 -2.692478496984520575e-01
-9.204341661477739578e+00 -1.158480972582851010e+01
1.047449078847866133e+01 -2.644594325677912749e+00
-5.551635558000674209e+00 -1.062396594291325158e+01
1.123886144388594843e+01 1.069660297131781590e+01
9.211171825945360325e+00 -8.966546477110227897e+00
-1.516779615013817661e+01 -5.625631147675447252e+00
6.787957124274118570e+00 -2.827892265940404215e+00
-1.231377154332587764e+01 -1.363377775563566985e+00
-1.546436466056262127e+01 -9.386919981195518403e-02
8.482799450999088720e+00 5.033931115324374872e+00
-1.139182183920017799e+01 -6.027365664426236336e+00
3.825070402942827741e+00 -1.421724245801062381e+00
2.175536271592378057e+00 1.428841439661549018e+01
-6.222185878048192009e+00 -1.536401253376171105e+01
-8.710053132696364386e+00 4.043998616284135039e+00
-8.264161773832629621e+00 1.390652010151968554e+01
9.276859762132303899e+00 1.662661705551517599e+00
6.489038499616775368e+00 -9.402476568161979742e+00
1.443070362076755231e+01 -3.754154974581290105e+00
-7.122487482934136693e+00 8.472481861700163819e+00
-2.019857256771800280e+00 -7.300912243144871638e+00
-1.883840361283892761e+00 1.432250344150686772e+01
-1.429862968306384374e+01 -8.478167934196759958e+00
-1.310499954626261498e+01 -9.735813260620558296e+00
2.422749315403649462e-01 1.527994555699920909e+01
6.010003938226873288e-01 -8.604699005091447361e-01
9.675731533807301332e+00 8.936886824143350339e+00
7.978641389841619969e+00 1.330203671366992424e+01
4.880473250982227285e+00 -1.091717791022516337e+01
1.701041355660589005e+00 -1.596820951653151610e+01
1.064282139516097203e+01 -6.638463035198295614e+00
-9.843529287694540386e+00 -7.815881050805966623e+00
-5.873683185970296705e+00 -8.915016880666588150e+00
1.531204732392306767e+01 2.761855465995193271e+00
-9.742332735852130554e+00 -9.875844388465917945e+00
4.607424442857141145e+00 9.333652363336277347e+00
9.382198246294947808e+00 7.303743486602762403e+00
-4.760024638859572832e+00 7.312329541830042245e+00
-2.105456820432616283e+00 -1.093350259321141849e+01
-2.060208905622054942e+00 6.578896307725560888e+00
-8.877261002996728934e+00 9.757888444089122260e+00
-4.647083117784147177e+00 -4.278888448504030606e+00
-5.059170652006821811e+00 -1.235561503954626339e+01
1.442131493239875439e+01 7.910866723159394098e+00
1.053775247001098592e-02 -3.830537901563969783e+00
4.308639842928894126e+00 7.063236895883363786e+00
-3.792941518036856863e+00 1.108261780226228410e+01
1.085411527101943108e+00 9.941104608838280399e-01
-5.655691828778923735e+00 5.860597121231826634e+00
-6.484224541428529776e+00 1.995169281318386112e+00
-3.237294004158433935e+00 -1.301970801026205038e+01
1.217623049658558898e+01 -7.435230529071219507e-01
-9.901129876971594967e+00 2.336642916777940115e+00
4.600112666602012013e+00 1.583898374637666961e+01
-1.410010913482203421e+00 -1.353050094486136778e+01
-3.890731317948329604e+00 1.304965170553072085e+01
1.382088615420023459e+01 -5.298084676494028145e-01
1.462331534860221893e+01 -6.509557400837003627e+00
6.602553135862635258e+00 1.480915914232690511e+01
3.331404909160667671e+00 1.276919621428337948e+01
5.912552129635450626e+00 7.868893330599959768e-01
1.092222058315811140e+01 -1.262704873922072579e+01
1.009260269345273286e+01 5.943159544317509813e+00
-1.225670205999898599e+01 2.069678825214570139e+00
1.185522386958611207e+01 6.858384258689365964e+00
-2.624971228281712143e+00 -5.485641617937240255e+00
5.269363077540926810e+00 -2.966525019278206443e+00
-7.012703965598662492e+00 -9.899584172769131385e-01
1.285568964303579165e+01 -7.509572400428059069e+00
-6.647292418191593555e+00 1.334607404809301201e+01
1.222129462773981956e+01 -2.244215843065063609e+00
7.557960036945509330e+00 -7.694233232085096574e+00
-1.402300751775950793e+01 -1.655175634738625945e+00
5.156233401981854314e+00 -1.512980976869780925e+01
-9.486604364593077321e+00 1.286878663266839595e+01
-6.660487975758165646e+00 -1.337363572262184697e+01
-3.266544743974380438e+00 -1.452191187764879032e+01
1.735967485466929361e-01 5.043327754715292599e+00
-1.437864485294127448e+01 7.635161192253306695e+00
2.885560083513304619e+00 4.240788966312560859e+00
1.050037222886816579e+01 1.300223004034523910e+01
-1.133654109594897363e+01 -9.114803723838649674e+00
-8.513102460187257137e+00 6.315842084919314203e+00
-1.079082555818477118e+00 8.875132828591546286e+00
1.205225055097749021e+01 -1.141042769803634016e+01
-6.005838539034503043e+00 2.183745591059285118e-01
5.429078261766520086e+00 -4.730521711721799250e+00
1.274744878513519808e+01 1.070017963570004937e+01
-1.631016248622243836e+01 -3.741519011502370873e+00
-5.165216578629262756e+00 2.751620860058107354e+00
-3.594636700102144644e+00 2.981249152283542259e+00
-1.031764418453749954e+01 -1.280968890855052855e+01
7.320806947809234799e+00 -1.084981717343675101e+01
3.157745815935598444e+00 1.102673244317771761e+01
5.881362264268972240e-01 -1.038625210239875152e+01
-8.320824503631765623e+00 2.500136272805850268e+00
8.049108426478124301e+00 -1.450656889474458922e+01
1.277502843443074809e+01 -3.906505035150518168e+00
-9.939180969935890175e-02 -1.648907254835008018e+01
-9.782519555956076474e+00 6.135607497152015810e-01
6.714395082392076830e+00 1.212518838458766979e+01
-3.647936655189841559e+00 -9.880978338043114206e+00
7.444853570492675487e-01 -6.859108715980191562e+00
-5.134695106571136591e-01 1.292624821739658714e+01
1.535537650275017540e+01 6.484125781586836723e+00
1.193086209137113229e+01 5.092027068154315828e+00
-1.340772088026386299e+01 9.288335032927829360e+00
1.601944230294392213e+01 4.814183677349035406e+00
-7.402593116840062493e+00 5.194059742361034182e+00
-3.529455115776190866e+00 9.604593162082778690e+00
-1.172046188101354858e+00 4.290351420167866081e+00
-7.933754265857555055e+00 -1.025111745201455449e+01
6.407699498439090036e+00 -1.346461923775446934e+00
-1.069729960537659075e+01 1.048076663483210069e+01
3.492869267765563279e+00 4.971444631010015769e-01
-1.674387832886374383e+00 -3.250564921074015956e+00
