# Antenna elements layout
# Station label: stn.292.S4-2
# Number of antennas: 256
# Station diameter: 35.00 [m]
# Antenna minimum separation: 1.50 [m]
# X[m]  Y[m]
7.605636175641823371e+00 5.915630475770612406e+00
-1.472200619634927321e+01 4.830519399314635365e+00
1.063731142831849397e+01 5.910105235508659405e+00
-3.477864891260809443e+00 -1.226773235092356629e+01
-8.533780051006448986e+00 3.827378769018398685e+00
3.954615432163709698e+00 -1.618049209141538469e+01
7.173495380883313288e+00 3.787611747874812806e-01
-1.310785031966773495e+01 -8.822854541647553006e+00
-1.430592008728156550e+01 -6.925677826319985186e+00
-1.187283266576551100e+01 6.944872268619384670e+00
2.847737113209969806e+00 8.876058702920044396e+00
1.540365594997948051e+01 -1.339583258917862452e+00
4.057019035796326278e+00 -1.079983636444174522e+01
1.291902135889958814e+01 3.149457262851942829e+00
-1.016225178968259257e+00 -2.507961067572463065e+00
2.295294113764601462e+00 4.845865008523826845e+00
-2.818555549765829227e+00 1.463254804239104345e+01
-1.126529793944710178e+01 -7.800262063867485551e+00
-1.325346862310008333e+01 3.581199201254545272e+00
-2.656860563571672884e+00 -2.311003806078959499e+00
7.919230810973743928e+00 1.874199197413659590e+00
1.093721967272266227e+00 -2.008939281453578474e+00
-8.060565581439696814e+00 -1.254545429601654760e+01
1.075570346423123880e+00 -1.494522877642241454e+01
5.266167314598362736e+00 -6.111920710433558668e+00
4.091040264569578255e+00 6.597950130696492721e+00
5.654186922877471488e+00 -1.028136555067831992e+01
2.868484134224324578e+00 1.573413959636606307e+01
-8.939090324275323240e+00 -2.000489494355763398e+00
-5.738812720448885685e+00 3.000752662562710782e+00
-2.286278562278347692e-01 -1.616928129992977148e+01
-1.436026041043568213e+01 1.380554755617030338e+00
9.386172136694888479e+00 7.807366213343090777e+00
1.585987719784810679e+01 2.677748813960636909e+00
5.396201671779312647e+00 -3.714407200195932290e+00
5.510680152113206276e+00 8.527620155616542519e+00
-1.150714112079880458e+01 -1.353189033570572519e+00
7.009603244020247814e+00 1.437190850986321777e+01
7.220291936733740812e+00 1.099261847125155356e+01
-1.183120966068512203e+01 1.088412362009144729e+01
-5.943256187688186643e+00 -4.926488311310256663e+00
-1.664323261178008551e+00 1.564982379843029747e+01
8.791074832433434239e+00 1.006091171633170589e+01
-4.912133947350127983e-02 1.445508669439427862e+01
-1.753896662669518491e+00 -1.265011532157181051e+01
-6.755180836442466585e+00 -2.895670551269944326e-01
-1.504880840094676131e+01 -4.914777291534738524e+00
9.501265927799995126e+00 -7.240375281872600155e+00
5.761001421251190635e+00 1.769882215763100675e+00
-2.524868086406470979e+00 3.001669683873895877e+00
-3.783501910068798324e+00 -1.395413707050131258e+01
-4.174705431008336021e+00 9.837483748443087705e+00
-5.048163512729203717e+00 1.173073128179018809e+01
4.739210577278729630e+00 4.936161528227678730e+00
-3.786760199191036236e+00 6.011582558463704373e+00
-5.194822575016756261e+00 4.938022970037021508e+00
-1.971601673446125247e+00 -1.099700018751147113e+01
8.726954412056521448e+00 1.161030629240776335e+01
-4.080811164197319485e+00 1.371915002487181567e+01
1.089560822429659126e+01 8.591281248642594903e+00
1.161032120854650529e+01 -8.598823211926479360e+00
9.460138407590452658e+00 -1.151315777376845517e+01
-8.494238895897510133e-01 5.366495520154810350e+00
9.236694078424424248e+00 -1.363010231077766043e+01
5.951386553559540715e+00 -1.452977460685521827e+01
3.615409095512465143e+00 -9.012724731439213599e+00
-1.100403628508703591e+01 -5.328339438841993569e+00
1.015367027420116486e+01 5.689794226838031932e-01
-9.275627846072609373e-04 1.041878541898912047e+01
-1.917624440977865774e+00 -1.585540938704621894e+01
2.300504612601844912e+00 3.088231743463090595e+00
-1.326210362274922971e+01 -5.627782709169370179e+00
-9.292470492386856407e+00 -4.623234885505675962e+00
2.453887402876780754e+00 -4.240138354355604378e+00
9.316827206577141141e+00 4.656072547055106980e+00
-7.719612506979483868e+00 -1.465615484695415915e+01
2.798679251296370296e+00 1.315879749547553246e+01
-1.006869240451536207e+01 1.161765426973646242e+01
-1.622628963901065902e+01 1.673354270443553560e+00
-1.755674652268112368e+00 1.319707906875372316e+01
-5.914300846590947458e-02 2.263958045157096421e+00
8.992571754543412510e-01 7.758619145245340576e+00
-1.278847653620611169e+01 1.695009784666893893e+00
1.873937576101170066e-02 -9.629231424039396359e+00
-1.951545248582039704e+00 1.069311410676878182e+01
-1.319308559866648523e+00 6.993503110131495504e+00
7.236643123727336757e+00 4.445281468480558829e+00
1.351760190835285158e+01 -3.101186513095514741e+00
7.194506568202445607e+00 -1.029448558021700855e+01
-1.342187527995098151e+01 7.273332972616014303e+00
6.514214195450829692e+00 -1.249010028956857710e+01
-4.022430945149995551e+00 -4.350393931819203530e+00
-1.535247566639105976e+01 -2.271208103820091750e+00
1.388898314959092772e+01 -6.893766622700821856e+00
-1.013027604605468923e+00 -6.464843854422491987e+00
6.644383527908043874e+00 -1.045505706744833674e+00
1.093685893967055378e+01 2.366631949103986443e+00
-4.648410503393613169e+00 1.139158457920366629e+00
-2.813704194824424576e+00 7.743405535954206442e+00
-1.964981631160597431e+00 -1.427250713242599289e+01
1.005509027541013367e+01 -2.968482733247599370e+00
-1.496505169393961765e+01 -3.211303180572606664e-01
-6.645706161165268355e+00 4.243204739522735025e+00
5.588791798547774192e-01 -6.876221101989660411e+00
7.654743949615046006e-01 -4.387641330579413079e+00
-7.831680696504420780e+00 7.866035025494660715e+00
-7.533741947048905985e+00 -5.574321596946024471e+00
1.112096206669779974e+01 -5.548361363162291227e+00
7.017397962898158426e+00 1.281909888934615793e+01
1.513859819823522201e+01 -5.884613273530852950e+00
-5.699096029736153923e+00 -1.079620344613962146e+01
-7.256085341453655246e+00 2.011414532182836723e+00
-9.751273890450669057e+00 6.952455829750910254e+00
1.256339054894516494e+01 6.689572713976382090e+00
-4.380090786531875224e+00 -3.565384021492050692e-01
1.426744166167680916e+01 2.464696372042809003e+00
3.746271584475486804e+00 3.548480044801987532e+00
-8.229815408390292575e+00 1.408430414539970599e+01
3.374558346157076727e+00 1.039240909656247425e+01
-4.952978258709185511e+00 8.090262011188677604e+00
-5.976747693319616417e+00 1.046114974283295851e+01
8.849528549506025854e+00 -1.187013842638602767e+00
-3.993114317215637143e+00 -9.269333514462124057e+00
1.312435424826591657e+01 8.533436208293803560e+00
2.615060387871906755e+00 -8.964039590203043417e-02
4.525988476414241291e+00 1.234146622793445758e+01
-1.114138573678176236e+01 -9.647926980977374001e+00
-7.731357545740650039e+00 1.156776220303751401e+01
1.555454710059568413e+01 -3.225490687441595838e+00
8.663255661904415206e+00 -9.137590266226389701e+00
1.426946074291859645e+01 6.304897033497297798e+00
1.521455685006405645e+01 9.558432939435270725e-01
-6.841059307397735267e+00 1.513185885894237970e+01
6.564551825707564348e+00 -7.954503192420091295e+00
5.118922629622669973e+00 -1.317763439913960433e+01
4.078343503814949145e+00 1.474346617118544600e+01
3.364900139923488354e+00 1.988574293124841574e+00
5.277713167056401034e+00 1.066561012011614906e+01
-8.212127316962012813e+00 3.351425796106788368e-01
1.499624292489123434e+00 6.316215535565682160e+00
-1.023458525510827499e+01 -1.158753162352186905e+01
-1.060684489347998394e+01 4.992418800559036640e+00
-6.681099089846213701e+00 -1.346329709058496071e+01
1.138144186288337778e+01 1.159526851412432435e+01
8.385705090815829266e+00 -4.958816007035077078e+00
-2.204685181912680036e-02 1.203693154107899588e+01
-1.016318547177239751e+01 2.191014126568763487e+00
-7.301468087022513487e-01 -8.919335550927343093e-01
1.790319136329781458e+00 -8.893357780622638487e+00
-1.403199535486070459e+00 5.885647431608518332e-01
1.321617639566782287e+01 -1.462124452942791919e+00
-4.071831794836050733e+00 -1.602083458675773997e+01
-8.859921128109213839e+00 9.119185851760541084e+00
3.619879280791572285e+00 -6.565677054660461920e+00
-9.555036715998474151e+00 -9.805517531556397159e+00
-2.841654658854709581e+00 -4.076557150804731577e-01
2.442102849756174976e+00 -1.077701261508607367e+01
-7.428165918231069753e+00 -2.819188696004381711e+00
1.497081950775481118e+00 -1.220746936320510301e+01
-1.187601787477564308e+01 -3.981973001785680921e+00
4.736050586396292061e+00 -1.555634425491446038e+00
-1.435793617607316719e+00 -8.318295198157278136e+00
-4.379022544792539051e+00 -7.788720254347094141e+00
-1.238383620561705811e+01 -1.102696769051660830e+01
5.674326893540914796e+00 7.035882857963251524e+00
1.162809577721170129e+01 -1.154152164271033953e+01
-7.165153104854814714e+00 -9.163874385142666057e+00
1.272915643743079173e+01 1.059646753236417993e+01
-5.651272970427585918e+00 -1.474737937733005921e+01
-4.838372291311266338e+00 1.581034931652314413e+01
-1.363203768460835441e+01 -1.226040686692940085e+00
-7.473491124801682872e+00 -7.456638829654011147e+00
1.665316768422626836e+01 -3.055986895515374613e-01
9.609065314518456802e+00 1.307040096460742618e+01
-6.523925860230754381e+00 1.248873983132513033e+01
1.519714574970997489e+01 5.103742585176636481e+00
-2.722231902487260768e+00 -5.679689492759347758e+00
-9.041274590659083898e+00 -7.231845102035137529e+00
-1.012317101191672819e+01 -7.206949616809303905e-01
-7.409356902108681808e+00 5.851962594182829491e+00
1.188704467145123544e+01 8.759854649144998007e-01
1.157539669513394998e+01 -1.218607499447582398e+00
-9.816029180508902385e+00 -1.337973953474472211e+01
-1.320767866792548340e+01 8.904076832287675103e+00
6.577610684850732525e+00 -4.824973805144715300e+00
1.285280373149339894e+01 -9.588986626510067168e+00
1.358331721427598637e+01 7.621963452200830602e-02
1.180540049601806984e+01 -4.178605361820666886e+00
-5.873828566692473885e-01 -1.363319062613742361e+01
1.369558265220518933e+00 1.599695298449809400e+01
3.245600591516328848e+00 -1.433505562997669713e+01
7.542299500232584109e+00 -3.396728169194265234e+00
-1.613062300393297122e+00 -4.306457809437416628e+00
7.220764856815620192e+00 7.840924151497645767e+00
-7.692883829133432272e+00 -1.108369919766768064e+01
-1.531800649099987943e+01 2.947285257097806976e+00
9.038896254700400590e+00 3.064365837284160676e+00
-1.217135916067024404e+01 4.686550489920794149e+00
-4.921195056809295920e+00 -1.281691152617485763e+01
1.676803302985121036e+00 1.007476135663718253e+01
4.725909338289088879e+00 5.259717650375037579e-01
1.991533859397843997e+00 -6.427234461430451518e+00
4.759474001006694266e+00 -7.590917682685054402e+00
2.674101565386081347e+00 -2.523756286726770881e+00
-2.908906854037297762e+00 1.465875057014677907e+00
-1.115312917273040227e+01 9.269666528549919349e+00
9.433999791807998747e-01 3.146395255475482600e-01
-1.492498735050858905e+01 6.594515128064358578e+00
-4.530280876723658423e+00 -2.098533078549419173e+00
-3.390840267965259613e+00 1.120815471448591083e+01
1.244669646330809343e+01 4.920620650882518987e+00
7.405246887624048924e+00 -6.518652210837055705e+00
-9.087149098770197497e-01 3.613615887009132166e+00
-5.481224571848166249e+00 -6.365571477700022740e+00
-5.999165017853085757e+00 6.874370529041513578e+00
-6.979000534334108607e+00 9.344421481006570218e+00
-3.784332962972781544e+00 4.128702165459987583e+00
-1.286770809281895644e+01 -2.752238262013996462e+00
-1.071531492221028081e+01 -2.665074318974465228e+00
-1.254835446679243205e+01 6.800806692027094869e-02
1.749586165816996441e+00 -1.636579733716436635e+01
-5.970815090421044857e+00 -8.104403773771107211e+00
7.733348972713187663e+00 -1.470020990044477038e+01
-2.856218063266199536e+00 -7.314068668023242736e+00
1.290795307783354673e+01 -5.754129621415415841e+00
1.020436937808136335e+01 -9.846184919339570740e+00
5.675687585447985128e+00 3.558564725601151224e+00
-1.265499354425808320e+01 -7.141380991985595728e+00
-1.487797108803956547e+00 8.675637202645596346e+00
1.069517110120045089e+01 3.899844221103919040e+00
9.889040173074903350e-01 1.337113415603030475e+01
-1.420435360183503271e+01 -3.485655684244422403e+00
3.639902474651417918e+00 -1.247569765467932257e+01
1.444268477061255140e+01 -4.469347565725744431e+00
7.073234319751797727e-01 3.710037176444362927e+00
8.502874575807705781e+00 1.411912946089855225e+01
2.084696374985696821e+00 1.155306958389061833e+01
-1.131796169962383303e+01 1.184228279572213438e+00
-1.670594489092501433e+01 1.072608650844948386e-01
5.431886590088922162e+00 1.384665375663041331e+01
-5.624029116172351905e+00 1.418966539498463320e+01
-9.065316307205383950e+00 5.392063307589342713e+00
1.460353354418065663e+01 7.972548513307625484e+00
-1.631543584532537494e+01 -3.522768012486698908e+00
-1.709248420577615946e-01 1.645786904013587559e+01
-3.370675384804272312e+00 1.616172891890374785e+01
1.052538792359708708e+01 1.006572162451988817e+01
-4.018264529399324658e-01 -1.191600684000317223e+01
5.777972554658610704e+00 1.546290850676965078e+01
1.076862321456058780e+01 -1.281467414813641881e+01
-5.785413820906256888e+00 -3.294746420139899712e+00
1.710552671971015570e+00 1.670982307701375902e+00
3.983248589452465183e+00 -4.635526304858768043e+00
-1.113617716992805562e+01 3.578151236118742418e+00
-6.159090174869120915e+00 -1.680291822504578647e+00
-8.905073310720974078e+00 1.270435075711055006e+01
