# Antenna elements layout
# Station label: stn.325.E9-5
# Number of antennas: 256
# Station diameter: 35.00 [m]
# Antenna minimum separation: 1.50 [m]
# X[m]  Y[m]
-1.021114726108636894e+01 1.091825124619848708e+01
2.674127957190965077e+00 2.801085940199776303e+00
7.885254985551938489e+00 3.057716891599000064e+00
-3.679669858547939043e+00 -3.294807101220470713e+00
-3.459438640861765890e+00 9.374872487988490377e+00
-2.013557770214740472e+00 1.412128993868028104e+01
-5.742669693241328588e+00 -1.293664928200326258e+01
-2.192153529994133265e+00 2.183712032741421893e+00
-8.394912180272992686e+00 -3.735875775033237645e+00
8.787280232430870086e+00 9.609965012063685919e+00
1.365980583915201052e+01 1.834350938277182763e+00
-8.257686113968922825e-01 1.543093605357648812e+01
6.636088696689803612e+00 -1.853663211037885006e+00
5.243680595632476127e+00 -4.378990247588241402e-01
-5.613620775726337442e+00 -1.398787920698598697e+00
2.735451116026332841e+00 -1.028841807063927760e+01
4.280153249996672571e+00 8.697229795589606738e+00
-9.278322802069725483e+00 5.047615409512538065e-01
-5.515506400403673126e+00 -9.517417410823826529e+00
1.418712120584540770e+00 1.137975805380393268e+01
1.175393313742698709e+01 -6.715315831908853283e+00
-6.491415673286839549e+00 1.194738887880947686e+01
-1.060630859144964688e+01 -8.892979784345838468e+00
8.808128115614042741e+00 4.941013948991031413e+00
9.750914444980566032e+00 -1.101612156378582341e+01
5.670688064765819547e+00 3.470877488770529595e+00
1.300634557416613646e+01 3.199153867032130449e+00
-6.362698421824465100e+00 1.009334002394270158e+01
7.381195174599614717e+00 -4.603569739114712789e+00
-2.235394216429671843e+00 -2.023284575676557395e+00
-1.378859542793928838e+01 1.885671180227070920e+00
-1.312133669672019209e+01 -8.715370309412486804e+00
4.306205686667766486e+00 -2.102568922858839784e+00
1.379449944445398302e+01 -1.361968603182319271e+00
2.779630730630479718e+00 -1.379516952867097146e+01
-6.883498412967679059e+00 -7.887477384109828904e+00
8.822246511435032801e+00 -4.042105291168082815e+00
8.513648009613650203e+00 1.209883958360139289e+01
-1.641960545596832333e+01 -1.445637384631897504e+00
3.111589329635837231e+00 5.851762223182959133e+00
1.047103025902239537e+01 -8.841593255888447800e+00
-1.044119965164702890e+01 -6.667163287351129952e-01
7.306092519800778007e+00 -7.018696744237976404e+00
-1.031127188465568167e+00 1.138153599943266414e+01
6.644404877169524326e+00 -1.383522296831151621e+01
-4.477168145867064908e+00 6.876945020971625411e-01
1.747402976935283903e-01 1.398399628577329779e+01
-1.004847935506396794e+01 -1.211497698736874895e+01
1.617167691045274580e+01 2.464244238873604331e+00
1.085073689796484331e+00 -7.347637192085390012e+00
-2.509041520268052494e+00 1.224033163444715910e+01
9.419498105338195870e+00 3.048944274004409039e+00
6.031453889862618212e+00 8.930873867617886930e+00
1.220210044487592782e+01 -5.209972262541231913e+00
-1.017518914343755654e+01 2.411797247908015862e+00
-7.856415981106216861e+00 -1.098788506626325656e+01
-6.580593012945140430e+00 1.376250297937170330e+01
1.049532592338191250e+01 1.206092270293765978e+01
-3.474423346688979564e+00 -6.428991112958676979e+00
9.183399422585534211e+00 -2.062243865117055819e+00
1.491658720836307594e+01 4.149845385117693297e+00
8.043316996100102756e-02 -1.029362437598714841e+01
-1.013457927687312043e+01 -6.838608326633814016e+00
-1.150225983863694346e+01 -1.099319274317224604e+01
6.916612473126281913e+00 1.117008914746492110e+01
8.617140848777260942e+00 1.379518706679473894e+01
-8.341726674136342723e+00 6.207449873258667594e+00
-1.096382757997407609e+01 5.189087774669697950e+00
-1.159399371507184817e+01 6.652430247678633890e+00
-1.279157999018270786e+01 -4.134106702451845194e-01
7.534263834245997771e-01 -1.355353040517674401e+01
-5.170124106920948037e+00 -7.063694442940329665e+00
-1.169441484489533600e+01 -6.027469336333888705e+00
-4.165433006800327576e-01 8.767446229353105025e+00
6.270394444708895065e+00 1.413140357724417839e+01
1.174160026924363720e+01 5.685180326538841200e-02
1.830501747100424126e+00 -8.917497409912705564e+00
1.087096642621525078e+01 -3.911524806929314479e+00
1.147070660683880305e+00 -1.664907240346700235e-01
3.477529272925213633e+00 4.085632153408546685e+00
-5.895652763996292123e+00 -4.219488570062548405e+00
1.438345799044104467e+01 -5.079997590200443724e+00
2.287643620202103989e+00 -1.566381083551699227e+01
5.475055391205305710e+00 -5.045908835389653291e+00
-8.278217619804708605e+00 8.873606892343261165e+00
2.210440502470959245e+00 1.563214333551076152e+01
4.307106419629509020e+00 1.087850445486825990e+01
-7.861081760376718464e+00 1.162678432580392496e+00
1.247515868305674758e+01 9.489311193969868441e+00
-4.729570140436633707e+00 1.402623481314082454e+01
-1.504196206940034486e+01 -2.509762028305667414e+00
1.743769914333359594e+00 6.817067426468572222e+00
8.872762952989358354e+00 5.489635596344051294e-01
4.328409267566698304e+00 -1.188591794479254737e+01
-8.109882931746707158e+00 1.190101566974995961e+01
4.107014900338082697e+00 1.489856079055487470e+01
1.435055775249861298e+01 8.537395061592771839e+00
8.316511002495694527e+00 6.700763938482463544e+00
-5.040719985129259229e+00 7.836732486344086368e+00
4.756778953936901644e+00 -1.550724076833954612e+01
-4.676648090378304090e+00 3.017922814477525861e+00
-1.614784215183397365e+01 3.260019659156927929e+00
-7.508410091800882924e+00 -1.325943911251073715e+01
-2.062660380130594717e+00 -1.009431434364781666e+01
-1.273476515129301490e+01 -4.081905949763749319e+00
-1.528602126841713194e+01 -6.446625396660564888e+00
2.754423068863836477e+00 1.024073372721598219e+01
-1.318676570722058017e+00 -6.457532684040382165e+00
-1.554121656841223675e+01 5.447987546781416057e+00
8.024781950344461734e-02 -3.333724764582029820e+00
-2.291493866050254624e+00 -5.264035474918937751e+00
4.284735467533991482e+00 -1.344369021076532711e+01
9.351618927535803039e+00 -6.753572017057173582e+00
1.070540496971935340e+01 -1.230345214225038575e+01
1.692023714899786313e+00 -5.657622770852118066e+00
7.342794591662208603e+00 9.457759167104669018e-01
-1.426329648816659734e+01 8.275971575717736783e+00
6.252012853234916179e+00 7.274155766769585085e+00
-3.989913453773453966e+00 -1.426453011438560203e+01
-1.204352203207779581e+00 6.942567931340708043e+00
-1.542304692758447615e+00 -1.257247353264223833e+01
1.194794338977434123e+01 1.563566019332817802e+00
1.113834038150242023e+01 7.549483793952489918e+00
1.597065809381557955e+01 -2.500607077558743896e+00
-1.520585920299033944e+01 -4.311306385725172774e+00
-1.228924020980768361e+01 1.108558063433493501e+01
-1.171579442398731885e+01 -2.436183185011538299e+00
-3.709378365570289660e+00 5.871146178755161316e+00
-1.225902271974341318e+01 2.635272097020170179e+00
-1.403284016726171757e+00 -8.007758175862086603e+00
-5.670826720899396989e+00 4.916828257750733400e+00
-1.563009322940143164e+00 5.143617916222716246e+00
-9.736448374940138706e-01 1.254171267147814461e+00
2.878548143812292182e+00 -7.522099655572835886e+00
5.866563033245199676e+00 -3.348469287530225103e+00
-1.043227100134786767e+01 9.124655662785652765e+00
1.285904483684442923e+01 -9.914590810725966818e+00
-7.579297167595981932e+00 -6.402370587996619733e+00
-2.748898655077265829e+00 -1.601778651976801271e+01
4.253178720372453370e+00 -9.378032274445198269e+00
1.036118315862444916e+01 5.223151934936829832e+00
-7.903940444040207680e+00 3.603335650782426569e+00
-1.276903816644334810e+01 9.240480169209078554e+00
-2.762875573077327118e+00 3.892658625470247102e+00
1.239656020728690322e+01 5.691881441576409628e+00
-3.878469046765275152e+00 -1.138522520663100224e+01
1.189758493537466322e+01 -2.123936632989456896e+00
-1.470331901475243797e+01 6.755617709661162706e+00
8.418675715545703042e+00 -1.229499468655455807e+01
6.583386066712890283e+00 5.498691084713001942e+00
4.045152069410786311e+00 7.074041624269213457e+00
-4.163743630520082561e+00 -8.863313345522824349e+00
-5.664865092014052195e+00 1.539075586811134144e+01
-1.191712940866491621e+01 -7.743850275756308577e+00
4.785431034621581148e+00 -7.130049052896561435e+00
2.463895550449752392e+00 -4.347376585880898148e+00
6.145483466887533552e-01 1.652777887179780691e+01
-2.227586457606655301e+00 1.652102079528449252e+01
6.362716806764584732e+00 -1.202996142323765127e+01
-8.237611198478148822e+00 -5.847599397490057527e-01
-3.783702093982256542e+00 1.567120060347254906e+01
-8.734968056851169393e+00 -1.417157698394454535e+01
1.321340769418274874e+01 -7.202878328174342926e+00
-1.553665230297339939e+01 1.528041264821784040e+00
-4.775820761960472893e+00 1.194174626834805153e+01
-5.572389921804514756e-01 -8.166047657762334211e-01
7.774357680725302089e+00 -8.762048425067570534e+00
-2.625641310314305699e+00 -4.544419585516088489e-01
1.183093667713219332e+01 4.206996831658752711e+00
2.744316271929569950e-01 -5.161185823272521844e+00
-1.646204610974159621e+01 3.078410299737406319e-01
4.567477290168316273e+00 1.321636554354359205e+01
1.376322974761539086e+01 -3.155871845532008280e+00
8.719875127534102432e-01 2.528383844529074054e+00
1.588127181132318100e+01 -8.039827829479406773e-01
1.039111034951325507e+01 9.218234176988076456e+00
7.075063147190050472e+00 -1.049349623112584595e+01
1.569190727239768535e+01 -4.039162357449274765e+00
-1.162192887077272196e+01 8.162400182960784178e+00
1.518516686157882845e+01 1.178482179346971748e+00
-1.026029595839585618e+01 -5.241935529063635357e+00
-2.187526968407599526e+00 -3.529101433620006389e+00
-1.605850212889057715e+00 9.812479504222210380e+00
2.344496082981532226e+00 -1.680694454517235314e+00
-6.188786102881863371e+00 -1.539544708511347793e+01
-1.011224875340576013e+01 1.310927919917620343e+01
6.260101013757914501e+00 -8.157571425522757380e+00
2.775732347185080329e+00 1.211523163704665507e+01
-1.399166495584163172e+01 -1.372402680983352496e+00
2.538946988795188986e+00 1.365221316127403384e+01
4.828280069417711928e+00 5.100713999153956735e+00
1.371073292079917394e+01 6.585456863702276564e+00
1.211894923744815245e+01 1.136596800624158732e+01
1.273839509829244321e+00 -1.193081165584358239e+01
1.139329011925550361e+00 5.053877511026009017e+00
-1.300740740158599174e+01 5.283173482712822278e+00
-1.219594530400801347e+00 -1.452222140670700767e+01
-6.912549961257505871e+00 -3.020884226450602839e+00
1.082166264205138617e+00 9.668903997938702588e+00
1.137150203961788009e+01 -1.044200383731852533e+01
-8.289093077561027201e+00 -8.945799132500624751e+00
-9.686861877681085531e+00 7.628195549579857015e+00
5.273948266630810622e+00 1.631696477583815863e+00
-1.796738673780922113e-01 5.769890880508370401e+00
5.897704497694771675e+00 1.565345779725430475e+01
-6.356517688086153584e+00 -1.106232202268164322e+01
-6.102583704725375924e+00 -5.869757589422038180e+00
2.786503596498825175e+00 1.747464417282920124e-01
-1.017716740053883839e+01 -3.365732227946827138e+00
-9.300742665283152633e-01 3.592120727028294880e+00
-1.320930977663317307e+01 -5.558654522827243483e+00
4.327272926600223002e-01 -1.633643589264436002e+01
-1.426556594801420985e+01 4.328205742485316421e+00
3.567500099437928895e+00 -5.976250463917999411e+00
1.024358130052177884e+01 -8.598006093126535632e-01
-6.006638140911512380e+00 2.318473320473309229e+00
9.545547166669244632e+00 7.801685818599899847e+00
-1.208973738826487931e+01 1.040016542593189541e+00
-6.245104506296828006e+00 3.280537803950451803e-01
1.364507833382783630e+01 1.809766118314684036e-01
-7.132101826471924255e+00 7.398401122739681313e+00
1.495848758814534563e+01 -7.286984370822313650e+00
2.520970832082589652e-01 1.242950870989996304e+01
-8.614453810292610925e+00 1.357076345334893119e+01
-9.650698874344211475e+00 -1.053737551185818511e+01
9.778820677787116722e+00 -5.310923816917140883e+00
1.522134603246832540e+01 6.853964586565396644e+00
4.261176659865530070e+00 -3.635873872388559747e+00
-2.742092889288269220e+00 7.515253374160394628e+00
-8.852312190989971796e+00 -2.152433134432675033e+00
1.197635558161013236e+01 -8.214877972423746399e+00
-9.201963427590428068e+00 4.728773161689311166e+00
7.636935293484256704e+00 -3.120961782662677209e+00
-1.434865667361453667e+01 -7.740649725201270925e+00
-3.756214868669886187e+00 -1.621098312977515832e+00
-1.421556798507925556e+01 1.148835098288998324e-01
1.038123957359142935e+01 9.797967794158104482e-01
9.291349057723873983e+00 -1.388815415118637908e+01
5.685249403458310979e+00 -9.876893822876983364e+00
5.774327734993718764e+00 1.227313846137867159e+01
3.777633581381415695e+00 1.336058766781825113e+00
2.782279566656757908e+00 -1.222430199036545417e+01
-7.325358488618146424e+00 5.066511596086677116e+00
-1.306250689903597717e+01 7.100394408782833011e+00
7.530103202563076081e+00 8.171332597382715335e+00
6.637071819248021143e+00 -1.536841663531460256e+01
-4.661141186341074771e+00 -5.096661744472063660e+00
7.311426663805775661e-01 -1.754170293540866510e+00
2.197216318012067404e+00 8.552556952168803406e+00
1.384233652299617745e+01 -8.690584918454828056e+00
-4.819150564736085940e+00 1.037024060352823085e+01
-4.357086001117444596e+00 -1.600219841786998387e+01
-3.097236625234712548e+00 -1.300201005658044906e+01
1.652663541625400967e-01 -8.675493696377319708e+00
1.579032193408765750e+01 5.466045716115981890e+00
-1.193953950231563255e+00 -1.606863615835139925e+01
