# Antenna elements layout
# Station label: stn.427.E16-5
# Number of antennas: 256
# Station diameter: 35.00 [m]
# Antenna minimum separation: 1.50 [m]
# X[m]  Y[m]
-3.352539649391692578e+00 -1.544237820532093153e+01
1.268960367078344476e+01 -7.814733242081359776e-01
6.896007707566003120e+00 -9.778904060070122028e+00
7.241947148254723743e+00 8.022073482487250828e-01
-1.028786171686297379e+01 -1.809612333422229824e+00
1.236223581271431726e+01 4.561283977055847316e+00
5.557396727521808799e+00 -3.609370957146374792e+00
9.439165831471303392e+00 3.554731258053621445e+00
-1.333079127869956082e+01 -4.630345858132756121e-01
5.564148518991167691e-01 8.757102122841516234e+00
2.678408524271464586e+00 -1.637088682392698757e+01
1.510913276141554462e+01 1.474226047909162673e+00
6.608020222115229103e+00 -5.430004143267247230e+00
1.325585851528450831e+01 7.578493304595781410e+00
1.321752460022772979e+01 -7.176621308577665559e+00
-7.847904052920453566e+00 -1.336103588603615222e+01
-5.464311578645677514e+00 -5.287068694594335483e+00
-1.062579605357072410e+00 -3.529094271010334793e+00
-8.089078568297541239e+00 1.211902326179616551e+01
1.225495011965650960e+01 6.354809212828904208e+00
1.654198628961385253e+00 -1.011419065259470429e+01
-1.140382657351960205e+01 1.173336118381452664e+01
-1.029954023263034557e+01 2.934250179387341007e+00
-2.625571141970068467e+00 1.294899492212557846e+00
-8.330057926390349365e+00 7.592706152920168705e+00
-3.687036471556282891e+00 6.270321579335288220e+00
-1.333099724793005159e+01 6.669550203950429079e+00
-3.445351305749367654e+00 1.444679534059191894e+01
-8.331640980376601391e+00 -5.533009870014886644e+00
-6.453301991994882414e+00 -1.039653965540386338e+01
7.169507712750974093e+00 3.873319737758489367e+00
-5.342750426539168984e+00 1.200214149443753087e+01
2.685101408905488540e+00 -1.485958304399955487e+01
2.506793736005015205e-01 1.080995589629289455e+01
-5.423397401388584171e+00 -3.632121998615328806e+00
1.100619417741217987e+01 8.931884139593190497e+00
-5.802537619871408481e+00 7.659189019592524517e+00
-4.110833261615720602e+00 1.613231326801965793e+01
7.283504950364065422e+00 -7.606739251984794947e+00
3.809386224384855524e+00 8.907850667543833367e+00
-1.596419899571647427e+01 -4.635400191897732114e+00
6.018397880073134587e+00 -1.208082231376126359e+01
-9.016449178742419690e+00 -1.235177664018818611e+01
-3.578865058681408584e-01 -1.249576460140054124e+01
1.492370830727768549e+00 3.443748490572506427e+00
-8.808644150216968782e+00 1.715521628970364532e-01
1.084597074884944945e+01 -1.025646708258812367e+01
-1.496107878150119141e+01 7.172298341874103755e-01
-6.023219831253552314e+00 -7.481458227616858636e+00
-1.304482328328933072e+01 -4.937833964429573896e+00
-3.115568819720024862e+00 -6.665989113906993779e+00
1.664544071804165526e+00 -4.645589309360685704e+00
1.488561064424435187e+01 -7.625464775235901271e+00
1.626501785848302717e+01 -1.935189242395017217e+00
8.724428920521010156e+00 -4.190178969072272608e+00
-1.237847890706353127e+01 -2.753497879063719012e+00
-1.278564347718926797e-01 4.028051711220754783e-01
-6.334526331145582390e+00 1.052614850611225705e+01
7.614871471563269267e+00 -1.244895254017770192e+01
-9.109188790570474481e+00 9.313308854254330527e+00
-1.397797964456867525e+01 -2.550284118436724867e+00
-5.673239679551034698e+00 1.439116881560115502e+01
-6.574402327622372866e+00 -2.373041941791889542e+00
-1.055694434404721882e+01 -1.206775913381586918e+01
5.384400896539030867e+00 1.235635467158542156e+01
-1.028457409359856278e+01 4.988753044365626721e+00
1.528640827790117385e+01 -8.912364215244750199e-02
-7.849959007199460714e+00 -7.344171983004043724e+00
5.573753868662489452e+00 1.336018554947639103e+00
5.990862430496708413e+00 -1.169877770725534560e+00
-1.623804294961312067e+01 2.112203971460584029e+00
-9.865994771798336060e+00 -7.053060495101865612e+00
-1.509293278966248764e+00 -8.113731149121919728e+00
-2.710209776521672609e-01 -1.414813819026960573e+01
1.838917376199752596e+00 1.402050278782231629e+01
-7.234916447092764713e+00 -8.915172829248707131e+00
-5.892701537774629017e+00 2.603800414900298676e+00
5.049630873889856986e+00 -5.265115384175549806e+00
7.916296633653015391e+00 -1.091406854079639821e+01
5.457784033719573102e+00 8.282678730406921375e+00
-2.544939387221001326e+00 -9.277691041064212385e+00
1.178505396324427679e+01 -8.939484698417722086e+00
-1.176977944497781792e+01 1.386230210416712794e+00
1.340580706113933829e+01 9.933556815802468520e+00
1.549871692329887196e+01 3.642490958550748559e+00
-1.268478311379251267e+00 -1.669192448517133442e+01
-4.421697858891132427e+00 -1.056129907469399853e+01
3.669944826714949926e+00 -1.109217129312889227e+01
1.051259864679970946e+01 7.256836549366425970e+00
-2.253027091130471504e+00 9.672995819057682354e+00
-1.162483818381504896e+01 -5.664192149214386518e+00
3.170735240441739933e+00 1.595879608654843196e+01
-2.368950530294487322e+00 -1.506383623506003744e+00
1.195946988499702002e+01 2.228588404931638678e+00
1.428116200212225451e+01 4.581729236426291152e+00
1.846791823881652306e+00 -2.499620739145381521e+00
1.059422333926411852e+01 -1.497204898084127933e+00
3.302705067509307924e+00 7.385281614812608808e+00
-4.577468122015687868e+00 7.779295131391421592e-01
-4.626721753955091998e+00 -1.285896091317670198e+01
3.524795221131590495e+00 1.133085121158835662e+01
-3.305487873726137948e+00 3.320347212255931879e+00
-1.438678130616990813e+01 2.155451331738621690e+00
-7.103504534174554408e+00 8.415691937331644112e-01
2.333860616146779421e+00 3.472988527179303730e-01
4.742034578350796892e+00 3.250803605350643721e+00
-1.740515687615742380e+00 -1.521293887736199224e+01
1.050818676455345013e+01 -4.355813355068299586e+00
-4.557704391115203535e+00 -8.779326131591639992e+00
7.098766008951738371e+00 -1.428601001701018447e+01
-1.303038837085784252e+01 -6.470606994784844801e+00
-4.008943233953061736e-01 1.643140873582564865e+01
-6.887748941622184873e-01 -1.063689042538678642e+01
1.447037214032011576e+00 6.979233793553650145e+00
-8.096713912508704425e+00 2.481300874064036321e+00
-1.296423127650023766e+01 8.784588252169303502e+00
-8.792287506015012966e+00 4.715621918254441880e+00
7.368930415108959409e+00 9.779052363610936993e+00
4.425102711926225396e+00 -1.300179338256599948e+01
1.707453237927541778e+00 1.724031727189387908e+00
3.742229653040979542e+00 -2.735372498335047808e+00
-1.607091926798143788e+01 -1.272110781719916872e+00
-9.374891804955625574e+00 -3.327960889387099996e+00
-1.284137299699742840e+01 4.993678105522377564e+00
-6.252327724373074602e-02 3.035078099496853810e+00
-1.216471238141224731e+01 2.857746822501546546e+00
-8.851086681438964376e-01 1.468472469304124672e+01
6.327121738743834101e+00 1.093691178147366116e+01
8.904157270018423276e+00 1.098304828670602973e+01
-7.807476180576031766e-01 1.207961505784196277e+01
-1.148965373336613993e+01 -4.030238447880940100e+00
3.236224338304619863e+00 5.855078275560504864e+00
1.171364618999730922e+01 -5.660931344485568673e+00
9.627871841600324387e+00 1.271258803131457782e+01
3.291459106443355154e-01 -1.624185949229170234e+01
-1.965289199612133331e+00 1.622466126915611540e+01
1.533503160504922391e+01 -4.839734446435445037e+00
1.435177153427011731e+01 -1.826803099307300116e+00
9.176031361790645491e+00 -7.247413743758388094e+00
3.688078940840284758e+00 -6.452765816676139465e+00
-3.712708072176132745e+00 -4.821485706259423409e+00
-6.885690331402152253e-01 -6.389697697850239777e+00
4.894925484349315070e+00 1.414893826421323197e+01
8.867586002381653287e+00 -1.013730473529570020e+00
-5.672252156015140656e-01 -1.266751842720793775e+00
9.520605948435218124e+00 -1.222594182445210009e+01
-9.837897823112447426e+00 -9.648971476714962137e+00
1.914624060147684048e+00 9.829532720361662257e+00
-9.962426822932467729e+00 6.791908006413148513e+00
5.645798473720955002e+00 6.625590484892882159e+00
9.449623344411744341e+00 1.834872149373907746e+00
6.530382362415330988e+00 1.494169222564083555e+01
-1.121283050034557682e+01 9.619192225897162274e+00
3.368962857445758630e-01 -8.701088395836528377e+00
-4.963389188583233746e+00 9.603252781150906969e+00
5.940666386405659694e-01 5.549730651805564463e+00
-2.137190962369007963e+00 -1.320756048694472362e+01
-1.000198629744447310e+01 -4.729884303175550642e+00
-1.509306022571089123e+01 4.183495324350278821e+00
4.730359142143033324e+00 -1.465452141473426195e+01
-1.127235877925059526e+01 -3.848465282235835616e-01
8.389162561370941518e+00 5.690410354841731078e+00
-1.428362559120117226e+00 2.219779111541608785e+00
-1.344624573421955915e+01 -8.160675692045538554e+00
4.264762613214649889e+00 -9.252238958515652811e+00
1.494099953973380934e+01 7.515012374505765536e+00
1.343622983839129503e+01 1.478074469666069035e+00
8.068487724250640980e+00 -5.852862703019477308e+00
8.237988192868463955e-01 -7.090409508079567047e+00
-6.774970480744897827e+00 4.293032105528151732e+00
3.828896227483223669e+00 -6.513794256444178643e-01
-4.718678870509837253e+00 4.858352750317848745e+00
9.889590254131430669e+00 5.253022931340215251e+00
-7.595444257425249646e+00 1.396381046629326761e+01
1.619793218736756302e+00 -1.364170207977351801e+01
-1.785724801740430578e+00 -5.105205830707115311e+00
1.059514730968676233e+01 6.899339790387308824e-01
-8.523170974754020079e+00 -2.042345356904933240e+00
1.190379631034349117e+01 1.061763769124927137e+01
-3.281027211362399498e+00 1.203350451056993720e+01
-1.006106237007084658e+01 1.245104473260876787e+01
1.330623704487640424e+01 -1.012684902624091166e+01
7.246340013252535073e+00 1.268611835893571183e+01
7.576014402714449147e+00 7.507393665951951789e+00
9.588988507619227164e-01 -1.162243373744569297e+01
-1.130634154264124547e+01 7.480458452189825636e+00
1.177356502037075359e+01 -2.469116793613467919e+00
1.094281234148359516e+01 1.184490074650931035e+01
1.663420344782038995e+01 6.174713306327781481e-01
-5.167089303779260234e+00 -1.497642879394380344e+00
-7.436206500705667466e+00 6.205483758997260679e+00
-2.983700724526983095e-01 7.182366884658655692e+00
-1.557831753188637869e+01 -3.056683141301359541e+00
-1.476931248706361721e+01 6.045241742783179717e+00
-2.106555285590937743e+00 1.363896161680312247e+01
1.096787455292753677e+01 -7.225235948986380663e+00
1.230370074057002583e+01 -3.981099749933214582e+00
-5.477861993445095834e+00 -1.568166909731109193e+01
9.075113505517023782e+00 7.735961495191158832e+00
5.523622748475062849e+00 4.870344056294488411e+00
-1.021934882271167844e+01 1.078835748870727329e+01
-3.479974437570778178e+00 7.969760736434992054e+00
-2.843284446239827901e+00 -1.155726872491779744e+01
-9.832162638277210931e-01 8.708824351573500877e+00
-2.794007307419498431e+00 -3.059434046475169922e+00
-1.904663170515501491e+00 4.609010421335721475e+00
1.294268742794415061e+00 1.586023867562872880e+01
-1.165965447099859809e+01 -9.898414478314101927e+00
-6.719520878187665858e+00 -1.223889579978072817e+01
9.431734434799743383e+00 -2.582996976437867076e+00
1.911919860900091805e+00 1.246809653086531000e+01
3.483198923652743417e+00 4.105943905453322884e+00
2.908571751896047886e+00 -8.571415810949726932e+00
1.349519163443884651e+01 -5.277730564984441486e+00
-1.391006709691666288e+00 6.047752134871505092e+00
-8.815852925026131715e+00 -1.075501101993961939e+01
1.051614143236669463e+00 -1.170560757080579606e+00
-1.013901523726033105e+01 9.689442342592684554e-01
-1.493863496902422661e+01 -5.955753800849276303e+00
3.518744797999310947e+00 1.320357338727517060e+01
4.335913967031927996e-01 -3.048538869424076481e+00
-1.184975529505990899e+01 -7.937955865761015417e+00
3.766640192541448329e+00 1.438188796588853791e+00
4.550231403222966264e-01 1.299576090385546578e+01
5.254163648866875036e+00 -7.171642595972130607e+00
2.462413533139923061e+00 -1.217599230150254819e+01
-1.154075891949337773e+01 5.863417486022122205e+00
9.411994587703830462e+00 9.230172995961513749e+00
-7.326084728158605230e+00 -3.923443617909001091e+00
8.039642624757291856e+00 1.452949397842372292e+01
9.221297133858140427e+00 -1.006813944945195871e+01
-4.535117479815234276e+00 1.328642003974476182e+01
-6.541028088299659871e+00 -1.452121084914575810e+01
1.201785281223468616e+01 -1.119371663367819991e+01
1.348997855917756894e+01 3.165909036073042415e+00
1.482629819950721384e+01 -3.345803036637558847e+00
-7.595366996876322219e+00 9.351807430891906137e+00
1.007490421053210738e+01 -8.486107799388685535e+00
-1.464955075990098976e+01 7.926883190719156147e+00
3.253735717980930531e+00 -4.857754053241972514e+00
1.508447549506662000e+01 5.934209167041363031e+00
7.889219164864503142e+00 -2.707029719588733840e+00
-6.379005344641296205e+00 -5.734656758424172551e-01
4.978624721949682197e+00 1.002929648929758244e+01
-1.285243996817273349e+01 1.038677067725602399e+01
1.655885782054262023e+01 2.195503712535881391e+00
4.675038271662383949e+00 1.581358961640475513e+01
9.014214106145495009e+00 -1.365494029152052313e+01
5.383265147353220925e+00 -1.032629781401476521e+01
7.962500431574774495e+00 2.296332391452686750e+00
-1.667757181454732063e-02 -5.024175826684034618e+00
-1.935174233215684936e+00 -5.576675514264195499e-02
6.080523892932173879e+00 -1.550082195280731767e+01
-6.915422782524926149e+00 -6.132795688367236764e+00
1.098201257812245402e+01 3.864711821118529400e+00
-3.741161311239370235e+00 -5.007833499076070893e-01
