# Antenna elements layout
# Station label: stn.357.N5-1
# Number of antennas: 256
# Station diameter: 35.00 [m]
# Antenna minimum separation: 1.50 [m]
# X[m]  Y[m]
-1.275731957772996239e+01 9.230685132614354416e+00
-5.870611645693305292e+00 -1.071554802242282278e+00
5.878723752446699535e+00 9.796693552090609103e+00
-8.408086578666589261e+00 -7.268076208813626593e+00
8.066557192041891255e+00 -1.254431809475938131e+01
-3.078467439817265117e+00 1.566116266720472083e+01
-1.116876920588271460e+01 7.530014397878431964e+00
3.048401399290888492e+00 -1.344210369034489361e+01
-6.746089354591395804e+00 -3.633516151782378856e+00
9.504492549477124186e+00 9.932680797381880922e+00
-1.258786547591000726e+00 7.609537187034952410e+00
-5.499897531961547514e+00 2.950831489184171375e+00
-7.562163077032955982e+00 -1.183424806701883725e+01
-8.479790691658688928e+00 6.954418146800652067e+00
6.694657615703214049e+00 2.792547284723362111e+00
-1.368639033689126627e+01 -1.724126150362989662e+00
-1.457284109528145066e+01 7.191730745293632765e+00
-1.000383762430598011e+00 -3.495329695715163609e+00
1.922144272694850997e+00 2.785207289871856062e+00
4.429184321285468684e+00 1.062581730392374268e+01
-1.083411318834569848e+01 -6.073911378232097036e+00
-9.555521116608668208e+00 5.071579602814853871e+00
-1.542790087595244941e+00 -1.348719789293712168e+01
6.461898748152705707e-02 1.365631761011869472e+01
2.671328048812068090e+00 1.178574215920680501e+01
9.941237546131432623e+00 6.035870459761142115e+00
2.733468024353769010e-02 1.321559594177365682e+00
1.610069055010011851e+00 -8.530805946384125704e+00
1.197436046921680486e-01 1.535717739962208839e+01
-1.527210509214701517e+01 1.647000493598270054e+00
4.693276734187712407e-01 -1.613275150876359021e+01
4.629796030744536495e+00 6.368081810880955373e+00
5.014868941556855475e+00 4.279265105101554667e+00
1.016824295002359690e+01 4.294999992516341791e+00
1.107259256319265006e+01 9.188776803792162440e+00
-1.071850221129337655e+01 -7.541982671244227276e-01
6.112033384704893990e+00 -6.649449194038265176e+00
-1.144910937474859303e+01 1.126161567961384691e+01
1.472194912123278243e+00 7.911833910543759174e+00
-4.867802456087382268e+00 8.494820055212667143e+00
-8.557107370652325073e+00 -4.471892108290889567e+00
7.362795901898643081e+00 1.217998447703109832e+01
1.469558426207945701e+01 5.911691277135563638e+00
7.825817284963584086e+00 -1.417436614378192949e+01
3.596187807244401569e+00 -1.693453619908851238e+00
2.781184339681104234e+00 -5.939121383563255918e+00
1.115298932588835612e+00 9.440828828428326602e+00
-7.358294259805715498e+00 -1.591783919527504310e+00
6.794071487015337141e+00 -2.109981307501200831e-01
1.016954735423387390e+01 -1.427853644448465076e+00
1.559251221025098033e+01 -4.028743648561246005e-01
1.663927216805705456e+01 1.876000274334671758e+00
-9.417122239727500954e+00 9.167683556091184016e-01
-4.739136020175630293e+00 1.150061981511139564e+01
1.179715992614402253e+01 -8.281217331108058133e+00
-4.627977769683793596e+00 -7.629281869747780220e+00
-1.644914871983748483e+01 -2.404062132881735536e+00
-3.510450676981028195e+00 1.393812959706917809e+01
-2.992388257700866916e+00 4.442386364322466363e+00
8.951160516145460377e+00 -8.539637357385382543e+00
-1.163455890380699032e+01 1.096869990390942462e+00
4.358553461390894057e+00 -1.123790064435779357e+01
-9.267648055998900958e+00 -3.136289264988278092e+00
-4.872579740199737941e+00 1.292422005894444226e+00
4.531065184288106451e+00 2.356525810342251503e+00
-1.324180556112233376e+01 5.499529969764857640e+00
1.212540170775477932e+01 1.048520928292572663e+01
-1.916090836675850895e+00 1.085739506619976424e+01
1.418884713145751775e+01 -3.231912195559074163e+00
1.276460869790007280e+01 8.587215119882518621e+00
-9.154750369222830031e+00 1.227808448959459398e+01
7.225237528743370774e+00 -3.586147179111666361e+00
5.807325972407625159e+00 1.373222490327630041e+01
4.644643134842983301e+00 -2.968798975883172986e+00
6.438342416654677436e+00 -8.203097397524794943e+00
1.221240378324864650e+00 1.110923144297650111e+01
-8.698014122530789649e+00 -1.341332116692569976e+01
-7.260956153716904282e+00 5.816440702354007897e+00
-1.378211106150600429e+01 -8.218791128385754874e+00
-1.054006153026963233e+01 3.499932682379601090e+00
5.029702770250061405e+00 8.725704920750239069e-01
-8.050229268638695146e+00 1.468098872409363764e+01
1.014116818700135880e+01 -4.764954403442361652e+00
3.504422076892268478e+00 -1.535671088130117035e+01
-3.750990079890721418e+00 7.285171662511164214e+00
4.577841682623251529e-01 -1.293690848461125675e+01
7.704117789161323060e+00 -2.154119058076886972e+00
9.798840597192096880e+00 4.817554132575523340e-01
-9.191323215847789996e+00 -9.185926685908327727e-01
8.184887628748459321e+00 6.379490737310291593e+00
-4.339689210985358869e+00 -1.033745854089281124e+01
9.914843168011046259e+00 1.173615495909261952e+01
1.317374383742787103e+01 -4.621440427801566386e+00
-6.903090559975074925e+00 8.846945811945371219e+00
1.262072540819779931e+01 6.119034925617761189e-01
4.097322355234368274e+00 7.803956454168240242e+00
-5.379278550882402143e+00 -1.200196331702164265e+01
-1.307131479855464562e+01 -1.024617135118346312e+01
1.493777014171737250e+01 1.683586457383590584e+00
6.578761263320142660e+00 -1.535676705020374833e+01
5.593974982031316046e+00 -1.021534010435614803e+01
-1.202218506548805976e+01 -8.171315607868278263e+00
1.249864690894144204e+01 -1.023520231137847958e+01
-7.720607038512049769e+00 2.786835532800250093e+00
1.706856540856282578e+00 -3.338683190599804007e+00
-6.898308881758957511e+00 1.079284228493311204e+01
-8.776445865355526621e-01 -6.013501960305843497e+00
4.766402311787452106e+00 -1.340358547978912895e+01
-9.680210751741812558e+00 8.509172702014272005e+00
-1.434063026206341362e+01 4.153418680214748804e+00
1.230563817498701695e+01 -1.322993342290537555e+00
-1.426013665177192991e+01 -4.799881653678491844e+00
-1.533841704838549980e+01 -3.577712649826736424e-02
-1.449469839515291625e+00 -9.461497634633234455e+00
-3.727841541877062070e+00 -3.220318453230316180e+00
-5.335116770307863021e+00 -1.396628469688364760e+01
1.233773283887393646e+01 6.673353076071858681e+00
1.340312805033232024e+00 -1.130733655359950163e+01
1.828662447202596297e+00 1.552698990347332142e+01
5.751104695916740894e+00 -4.098786889895404073e+00
1.129368808314517025e-01 6.046393882132733211e+00
1.058423616205719497e+01 -1.008739113614532101e+01
-7.011470275047960499e+00 4.304458079561943151e+00
-5.580630821368272265e+00 -6.078978198870242267e+00
4.605058933286844791e+00 -6.041977370149259841e+00
-6.251147339321176943e+00 1.527675753219102006e+01
-2.248234916626683955e+00 -1.708120738032548047e-02
9.090693375817519239e+00 1.308706538203369618e+01
1.360868192197612103e+01 -8.415134222780384476e+00
6.378344390734689284e-01 4.182301155375899526e+00
1.634190855135093301e+01 -2.918329458798043063e+00
1.468547189354029570e+01 4.348272089246972172e+00
-3.983120808108182587e-01 1.215312312412202189e+01
9.208938253174299149e+00 2.251270942934471719e+00
1.242095232399446303e+00 -6.650219991760819127e+00
1.030969497832152371e+01 -1.214594464292510878e+01
2.171794636686655622e+00 1.384379539515948210e+01
-4.784927166660638775e+00 -4.498228192992810293e+00
1.836142051913068229e+00 -1.500441098061756229e+01
-1.127412861580772585e+00 4.998079464730576404e+00
1.153749244888281211e+01 -3.540690155920003690e+00
-2.756573327512185756e+00 -1.055317575711707789e+01
-3.093156438797718621e+00 2.831845020898221321e+00
5.248977433539838700e+00 -9.390568067786375650e-01
-1.284389512740350270e+01 -3.028655071560274692e+00
-1.046814157537099987e+01 -1.261687749365912481e+01
-1.825608114118768555e+00 1.396134459470609812e+01
1.393341241119010121e+01 -9.292813571026172781e-01
-2.832186090187102323e+00 -6.687309419827020207e+00
1.481243505396005133e+00 -5.961048854033279554e-02
1.038941312102168268e+01 -7.274883241771759046e+00
-2.953376917977065474e+00 -1.469665927244274251e+01
-1.280787643686143085e+01 -6.432293978138794444e+00
-6.936007723958290683e-01 -6.629894740162711742e-01
7.752092286916880681e+00 -6.696434436160174641e+00
9.080985257634520025e+00 8.158385597589134619e+00
-1.144440868729647676e+01 -3.855584015154690292e+00
8.493341511466869775e+00 -7.500015626238791810e-01
3.911309648004479556e+00 1.462111723289579146e+01
-1.527413290950649660e+01 -5.988222274908352460e+00
1.197012495811795318e+01 2.018470827411707802e+00
8.070827635965567737e+00 -5.056487635902552569e+00
8.655523543354501470e+00 4.320601120220008085e+00
9.490197449607606472e+00 -2.783433900058385646e+00
-3.439784896830296645e+00 -1.303733995292539660e+01
7.536775265371016275e+00 -1.022305041106023893e+01
-6.830307615857496017e+00 1.310006307474795051e+01
-9.239687902699092348e+00 9.981627779742666462e+00
-6.610469188784184880e+00 -9.680099830747753487e+00
2.824601705446902145e+00 9.854687533163509983e+00
-7.501548087370935036e-01 3.438667094991533446e+00
5.090822808270861088e+00 -1.592858424958167873e+01
6.458890430985395170e+00 1.535270764512619479e+01
1.184601174178200367e+01 4.683064946193884026e+00
-7.489694714254540031e-01 -1.145494862572364880e+01
-1.000505781519517257e+01 -7.810034671657135164e+00
1.432949487835049496e+01 -6.222021776694417028e+00
-6.214033887528810141e+00 7.147126696236092869e+00
-4.215730431692058744e+00 -1.605488389380937875e+01
-9.765508667456899161e-01 -7.856625929914665463e+00
6.695415688126132636e+00 4.447516600504883399e+00
-1.158045704219312277e+01 5.713490755126141352e+00
2.041009061455412166e+00 6.021285217973876058e+00
1.484985154862417289e+01 7.429015029323334574e+00
4.849314718278670000e+00 1.213974835763806226e+01
-8.740780206782901018e-01 9.198048949512990902e+00
6.545479446134358170e+00 7.258792500706896078e+00
-4.855281674556131577e+00 5.246851526806146637e+00
-1.065407397769078912e+01 -1.091169087560268736e+01
-6.567039966798464690e+00 -1.299508625263911021e+01
-1.376818792824231430e+01 1.292820280096261598e+00
2.997810810200462583e+00 4.179385402618951417e+00
3.628043471610986614e-01 -2.104289822345322136e+00
1.065925591327998134e+01 7.647868407880270780e+00
-1.895146427674006873e+00 1.683676377935970692e+00
-5.259103130207074983e+00 1.293407859881608601e+01
4.070052768811915911e+00 -9.459601122158817432e+00
-3.170722281158905531e+00 -8.740069271116682970e+00
-7.050919597445997056e+00 -1.476772312535727139e+01
4.172259953994874593e+00 -4.444709378092028373e+00
-6.340957818009274050e+00 6.647936033679435752e-01
1.981926238813542795e-01 -9.933272991028907484e+00
-2.382614881773623239e+00 -1.558904191413018836e+00
1.549453057101813158e+01 -4.747834759830462659e+00
-9.296724891676888092e+00 -9.367583330932601982e+00
-1.626750206174066093e+01 3.579355529742041853e+00
2.975963655812638109e+00 9.756413635150806840e-01
-5.263858968595963361e+00 9.969825372135343144e+00
1.326752562332954355e+01 5.429847952990900950e+00
-7.917215682787194453e+00 8.063182566856070821e-01
7.608701009334840393e+00 1.405408582825311115e+01
-7.974464875901945859e+00 -1.038607721383879579e+01
3.288394199950186447e+00 1.626380624750999004e+01
-2.185863946177615702e+00 1.241893364329824934e+01
-3.732449634225924129e+00 -7.357209468438554723e-01
-1.300834471698453498e+01 7.147372619060114118e+00
-2.591020530550265377e+00 9.181373113016956466e+00
8.207675063686711070e+00 9.087195349954697576e-01
-1.236273559822794965e+00 -1.665140869246900479e+01
1.194304282107325577e+01 -6.244266676462236987e+00
-6.829046300987327456e+00 -7.470169794792315798e+00
6.346031670545997372e+00 -1.350200543486110583e+01
3.032450418111181989e+00 -7.685875505949907094e+00
-1.558736623036485902e+01 -3.837915844374498064e+00
1.348004759725796120e+01 2.663091291000263539e+00
-1.578426096248443500e+01 5.328240812154845685e+00
3.663706563436175401e+00 1.306524749364560734e+01
-1.967831283580064650e+00 -4.931645418182016627e+00
4.933577894575289946e+00 -7.942261766879889606e+00
-1.223556237711378358e+01 -3.010870093910895662e-01
-1.578195961202052189e+00 1.599714045657110262e+01
-1.243816549872503074e+01 3.970121318533120558e+00
4.332406861549316091e-01 -4.992350858399017710e+00
1.619681530473324216e+01 3.958393756834066579e+00
8.098134904393067046e+00 1.072579394313299517e+01
2.194796471361183166e+00 -1.650221006741499963e+01
-5.582219115757130368e+00 -2.634572873962238049e+00
6.017957009630880094e+00 -1.196496511901875692e+01
4.873185425685878869e+00 1.591908388496536020e+01
-3.363779571009683167e+00 1.199562249283157911e+00
-2.151320013667389119e+00 6.261135373899389123e+00
2.623898023544100511e+00 -1.048255948219804168e+01
-9.221302722001212260e-02 -1.443410936569408776e+01
7.646039060878930371e+00 8.724135429446228329e+00
-1.125800339757219426e+01 9.317409882137461352e+00
-1.258257306077955562e+01 -4.864609596113131929e+00
1.174881392669045255e+01 -1.165941726227015174e+01
-7.373940433416860785e+00 -5.648420920602596595e+00
9.471698126738601786e+00 -1.339754806723898284e+01
1.123472627728595086e+01 -2.195237139691919026e-01
9.278929038669776475e+00 -6.012622252650658083e+00
9.168583094378526255e+00 -1.090991517194211369e+01
-1.090158523454425854e+01 -9.393995548824435105e+00
-3.412651732504510704e+00 1.062040704263165125e+01
-4.548344087765077148e+00 1.508685617667106271e+01
-1.093835212157030057e+01 -2.318342287247117994e+00
