# Antenna elements layout
# Station label: stn.356.S9-6
# Number of antennas: 256
# Station diameter: 35.00 [m]
# Antenna minimum separation: 1.50 [m]
# X[m]  Y[m]
1.551743900245083552e+01 5.486064163886652523e+00
-4.573667455654023328e+00 8.590607998108232835e+00
-2.751333418207616788e+00 -1.378073052521000008e+01
1.398230814507297026e+00 -4.809437598995240037e+00
-8.332870947568720155e+00 -1.398160495236992773e+01
3.156292754012515189e+00 6.358392199862421990e+00
1.393469677256413064e+01 -1.942466818504648529e+00
-1.033865409346030084e+01 -2.352134201248016865e+00
1.256891147876168446e+01 4.589774136048415443e+00
-1.201055371185846354e+01 5.192011064047925117e+00
1.433641952168077438e+00 -1.244694962104271241e+01
4.648195151044713924e+00 8.487758544023222385e+00
8.561230517385421734e+00 4.755148445770995380e+00
-2.984448760933060996e+00 2.155156352560325672e+00
-3.122507364059913471e+00 7.265793854463467483e+00
-1.383904476190506116e+01 1.325718944186100146e+00
1.055107547639678955e+01 -9.816866437336894791e+00
4.321178495223882976e+00 -3.053803092134780073e+00
-8.645653838025497251e+00 -6.876979535237666141e-01
-8.850855956524622314e+00 -5.244980723207676832e+00
2.958696315976361291e+00 -9.237593394781494993e+00
-2.133550791618549880e+00 9.764250951976432447e+00
1.357744649812016746e+01 1.043431893269133326e+00
8.707450122514178048e+00 1.164542729322355541e+01
7.239729568310266927e+00 2.804081676782132604e+00
-8.380966571681026878e+00 -9.051998680344972570e+00
2.549261354035536442e+00 3.400917492622106408e-01
-4.395221700723659808e+00 -8.745746741447145922e+00
4.340610571196990009e-01 1.036065308021425935e+01
5.172223160339800785e+00 -6.262490511341864519e+00
-1.690577171892286401e+00 -7.837758246451532074e+00
1.421526443153471320e+00 -1.532557978830451972e+01
-2.928800041721645542e+00 1.369541925763873991e+01
1.033930398692445607e+01 9.165265582046416171e+00
8.075991067059554496e+00 -4.791077134350116395e+00
-1.143676413180025797e+01 -3.459150738793274726e+00
-6.087086504794688935e+00 3.274212196714643142e-02
1.345130515794262749e+01 -9.631856162599387261e+00
-8.881852692447743891e+00 3.002782568201205038e+00
-5.057477086658547449e+00 -6.334258742338578330e+00
-1.018844422500907854e+01 1.087302847342893841e+01
-1.164423491153701917e+00 -3.833032211616643536e+00
-1.101898262551540597e+01 8.150646391156719517e-01
1.615426424701352204e+01 -1.229427302884474216e+00
-9.958008235820104304e+00 9.272886490273037907e+00
-2.026724472947297073e+00 5.529346826490201039e+00
-9.217904319539083957e+00 -1.207508052978233515e+01
1.460930684543941283e+01 7.377246212181589158e+00
-1.146708477223474532e+01 9.142637241494782074e+00
6.503242686556234275e+00 4.431790754770879914e+00
-8.171812943167928722e-01 -1.056407171539379064e+01
-6.553910343101165381e+00 -3.975216320047081808e+00
-1.290117776778485847e+01 -2.316151385055187362e+00
-6.050894481273186187e+00 5.747087959347783936e+00
1.133310040167680199e+01 -7.513163354743447542e+00
6.122764276499914615e-01 6.714376821456045974e+00
-7.191490066319037311e+00 6.808142950965208939e+00
4.895222599251880524e-02 -9.508651274848034518e-02
-1.177260859393010684e+01 -7.971882985293296642e+00
5.856687806761328829e+00 1.284663293922151084e+01
5.618524456312627535e+00 1.471577286657632300e+01
-4.065372391120680717e+00 -1.649448353542375401e-01
-4.315679298493430238e+00 -3.016646894942059731e+00
7.504069864113439792e+00 -9.917423771174526337e+00
2.440818457560602894e+00 -1.189132956269840946e+00
-6.750215648254535239e+00 -2.062767270964025457e+00
-1.551403246967105076e+01 -2.176667942898124153e+00
1.288623531613598416e+01 -3.955173788731734419e+00
1.562232746935878680e+01 -4.731396612611089125e+00
9.931623536192592638e+00 -2.623018206660205465e+00
5.849036353669148980e+00 6.783648153674125325e+00
-4.685167569573785329e+00 6.821528077732445183e+00
-9.068945836224528989e-01 7.932399426909885420e+00
-3.870313170994712948e+00 -1.201866101081704308e+01
2.508673825771722932e+00 1.442749808561332969e+01
-9.948846677402851668e+00 4.666517144298882869e+00
1.041576750063216039e+01 -1.164831786460045215e+01
-1.317801690285365623e+01 2.889077296515765170e+00
1.270372586953530103e+01 -4.265461710534701467e-01
-1.953552458000224590e+00 -1.237387858632743587e+00
-9.010975756243251311e+00 6.905802291683365013e+00
6.587742457818308139e+00 1.139365464562605013e+01
-1.117869241238681433e+01 -1.109584408069855144e+01
3.476946209324250248e+00 3.799462807687312704e+00
5.248963433225348751e-01 -8.522178934103653347e+00
-8.289572424749803048e+00 1.173974739310829563e+01
4.491125942432308449e+00 -1.384928472220716422e+01
6.708267951231228210e-01 1.430349266354887661e+01
-1.496778554878154566e+01 6.165539260988740722e+00
-1.501023033924077765e+01 -7.021388859981883002e-01
-8.562634149704519970e+00 1.368228424720191683e+01
-4.841661377799860944e+00 3.381944802043388876e+00
-2.254780561009081197e+00 -1.539523437213943424e+01
-5.492275027717049340e+00 -1.039748385235259320e+01
7.864708423982971652e+00 -1.329598651328353931e+01
7.754599071123255527e+00 9.098832195786325627e+00
1.093033844087600670e+01 5.489648266686771194e+00
-7.399240166641831706e+00 -1.216175654037307297e+01
-2.272756642435389551e-01 4.663045269314647356e+00
2.002850472871184451e+00 -1.096333265053978323e+01
-1.241973988219239011e+01 -9.894909404688357668e+00
-1.576045027841054846e+01 2.281869609422695788e+00
-6.417655071360709229e+00 1.246048610966667169e+01
-9.278440209296730856e+00 1.039376856314898845e+00
-9.771794065824401798e-01 2.528983783753293579e+00
-1.045917760278329212e+01 -6.775108246535140211e+00
5.145276441088494579e+00 2.008888453661558771e+00
-4.504294537131279696e+00 1.040628110063445888e+01
6.528908971406551132e+00 -1.285354802135152852e+00
-1.003326185394848480e+01 -8.768262852143317687e+00
-4.220146373101204773e+00 1.551017505452785628e+01
-6.517527882745945078e+00 9.504387109644010678e+00
-5.543118312767697731e+00 1.743947989151362066e+00
-2.839205514828849530e+00 1.162248793463468388e+01
-2.123499931929751838e+00 -1.233317478703116521e+01
1.193193935955451934e+01 3.086486054289196090e+00
9.748107052979985809e+00 -4.128233277350940256e+00
1.832613537163606310e+00 1.102098353314702095e+01
2.616600637674515895e+00 1.281852177051789354e+01
7.182109937826812285e+00 -8.195563721311797778e+00
-1.260097338583275217e+00 1.171900336702173107e+01
1.297595267125058527e+01 -5.846834465059506769e+00
9.419214630602276372e+00 -6.825476512365163728e+00
-8.230810500503759286e+00 8.587454621113295161e+00
2.309625825467545468e+00 9.160037707497323822e+00
4.248202798683809789e+00 1.210530570474471901e+01
-5.812176279263681522e+00 1.389175564942221541e+01
1.128255214328408584e+01 1.131924703795537113e+00
9.903373031064528931e+00 1.333336902782660260e+01
-6.750289176048378081e+00 -8.546677936849683022e+00
-3.269772633307786336e+00 -6.130318974271764532e+00
-4.055425259828195905e+00 4.777702598969870706e+00
-7.320210053283844331e+00 -1.058574325015781525e+01
7.323992526054333041e+00 1.458272345803428749e+01
-1.383672749667377389e+01 4.823363417064307157e+00
3.161521259895337721e+00 -6.020210624559076962e+00
-3.885602970213994922e-01 -5.774749746284159713e+00
-6.732597521723370448e+00 -1.373220239998804360e+01
9.497833505808937815e+00 1.984391723833564214e+00
1.065839936212378447e+01 1.190883848884492124e+01
1.148004653964804689e+01 1.056472613672206506e+01
-1.290187347589044009e+01 -6.230817048997645102e+00
-1.268102245492741531e-02 -1.312202882346977972e+01
1.452100301797166537e+01 3.056951889521968724e+00
1.828850348368419532e+00 2.060805281443965242e+00
3.938089557784675065e+00 -1.151036117837362127e+01
1.484111245931450895e+01 -7.022523161735310993e+00
1.551695544645109237e+01 1.516738234469720226e+00
-1.310621648475347278e+01 -7.868228609752883074e-01
-4.606823521622018802e-01 1.540904670222965933e+01
-1.102435298107589290e+01 7.205971573059457569e+00
-1.431523267830949386e+01 7.769467234395481370e+00
4.619063959785869145e+00 -8.305069691885771377e+00
1.154386076287916651e+01 7.820882084565212722e+00
1.505950800803990575e+00 -6.861755149972303514e+00
6.690796307503845242e+00 -3.705662845742869749e+00
-3.920996574754230579e+00 -4.578810540938818008e+00
8.096696134284105284e+00 -2.372314664889287883e-01
-1.901092611415199585e+00 1.483729031047015923e+01
6.816573948256014148e+00 6.018283722952517678e-01
-3.940891239805438317e+00 -1.021871820800642539e+01
5.940560703502612228e+00 -1.306220937039287833e+01
-1.119047176702672175e-01 -2.717311729254769048e+00
-1.088559821755882240e+01 -8.604640027099712540e-01
1.125455566929863238e+01 -5.488742750153205563e+00
-1.481635578770494455e+01 -5.470261876670575063e+00
5.150242361409361536e+00 -5.508760506761838371e-01
4.380680515309332890e+00 5.240530554944076158e+00
5.933297312604711493e+00 -9.726182580994240823e+00
2.936688126316465031e+00 1.605674163393531018e+01
8.116385830425713266e+00 7.378672109994887762e+00
3.762969255009945613e+00 1.042957581285227420e+01
1.345612826202669154e+01 5.937583713854699852e+00
6.418643372589922791e+00 -1.527072005438159863e+01
3.841795631935223554e+00 1.369922266770126740e+01
-1.404978981229895396e+01 -8.015369525305080955e+00
7.595896466294764338e+00 -6.482782741674107285e+00
-1.154002285315299758e+01 3.518665262955199324e+00
4.273992443409024844e+00 -4.917453120911552844e+00
-8.299490401089475000e+00 -2.423568421280403840e+00
-1.333783324537144743e+01 9.649248729553029591e+00
3.689725627071393177e+00 -1.543207021239246757e+01
-7.471609767829912485e+00 4.701241604367005777e+00
-7.096291259859413003e+00 2.499849025204426312e+00
1.190359490774933704e+01 -1.122707952326395997e+01
2.207289749666458079e+00 -3.301477026540441173e+00
-7.366180013475464250e+00 -5.625351775387077424e+00
-5.337918397310685847e+00 -1.473043259777379710e+01
9.678168249533658951e+00 7.163439195777428381e+00
-1.402834576598175786e+01 -3.887165335233458308e+00
-7.568397981786247897e-01 1.373314004298437396e+01
1.080832548805190640e-01 -1.656037748246111363e+01
1.397921159414114101e+00 5.144357998949061539e+00
-1.126263270293867791e+01 1.202743449224400507e+01
-1.453571317959440279e+00 9.535006625049362583e-01
8.575427360830644830e+00 -1.164439224086971691e+01
-4.325502135009289262e+00 1.274471661728605909e+01
6.086039778800540034e+00 9.542751454088911345e+00
1.012127130718968715e+01 2.256107239066196257e-02
9.744448017692633357e+00 3.548749629254430715e+00
-1.595579256256984024e+01 3.914803949067795941e+00
5.462804764834025661e+00 -1.149404576667262035e+01
1.354529005776784345e+01 9.258321493631527233e+00
-8.361125445606869988e+00 1.010306600794431375e+01
-8.271530185659910828e+00 -7.478138741624363206e+00
-2.479942281276233729e+00 -1.084828813686972637e+01
1.430525681322261988e+00 1.598036576180511048e+01
-2.394694071316772366e+00 1.627602762712974283e+01
-9.725740344764352230e+00 1.267868241146228669e+01
-5.227234542531908446e+00 -1.295933988943439097e+01
1.199037233284494874e+01 -2.220077725212767916e+00
1.643427972375135937e+01 3.150589307962079033e+00
2.973337722832674501e+00 -1.379665406180933829e+01
-1.274835374670694321e+01 6.547810027953993028e+00
-1.073569359471730067e+01 -1.281353174805716399e+01
-6.869610706627062413e+00 1.519049897048918041e+01
1.641018989890785917e+01 -3.295564988839039700e+00
1.015606985856255307e+00 3.479143220079414789e+00
1.685728955825311459e+00 7.794487453085253037e+00
8.041914683448400325e+00 -1.773588217697540159e+00
1.330386283285115212e+01 -7.329573226050523971e+00
-8.154484883529278250e-02 -1.501004717324620685e+01
8.757800322123781456e+00 -8.333874300112734446e+00
3.509257559273301297e+00 2.043795782920909687e+00
1.104208392681076845e+00 1.273692058819349171e+01
-1.598594104404501515e+01 -3.685094798928210125e+00
-1.613074426361389158e+01 3.305820380599939767e-01
-3.538393754658148538e+00 -1.605675958091829614e+00
-7.700964729335863623e+00 8.047706698001420023e-01
1.651738554244947466e+01 3.225751137316557049e-01
4.463744254558303481e+00 1.593393674324520504e+01
-2.390787318376478510e+00 3.631318846754165719e+00
-3.879092797697831330e+00 -1.557990193134697421e+01
-2.728991439334111035e+00 -3.120290681273662159e+00
1.306145948311194260e+01 7.612610623369789664e+00
-9.758368634408340014e+00 -3.877032003559138573e+00
-1.264009626516973483e+01 8.205846943120210568e+00
1.692084194140690556e-01 1.486457871823539278e+00
9.798524918916960758e+00 -1.304205746338170968e+01
-1.040178360357020537e+01 2.519414429274640099e+00
1.441554785573553943e+01 -3.824266987390601003e+00
1.485274189054698724e+01 -4.587777875732861332e-01
9.418288498823841337e-01 -1.508605794927415644e+00
-1.151692040962936758e+01 -4.973905299002799651e+00
7.241885902494878735e+00 6.028582437526875282e+00
-9.627168640003864297e+00 -1.044119533671977607e+01
8.127361226377001202e+00 -3.273706157357253232e+00
-2.699387568306708118e+00 -9.355912606350402783e+00
5.015098445929119464e+00 3.724573624642935954e+00
-6.805136227362991619e+00 -1.527482639344621518e+01
-5.236092255654341443e+00 -1.499406955126659113e+00
-5.918862230250661938e+00 7.716937223123458978e+00
4.043285530389979954e+00 5.410479463386117516e-01
-1.664704363975678092e+01 -1.177011240418789129e+00
-6.569384739375610849e+00 -7.015042558527634142e+00
7.592278017713773863e+00 1.300084038303322842e+01
