# Antenna elements layout
# Station label: stn.010.C10
# Number of antennas: 256
# Station diameter: 35.00 [m]
# Antenna minimum separation: 1.50 [m]
# X[m]  Y[m]
-1.601966581358668407e+01 1.139229997596199695e+00
-4.507822011412379481e+00 -2.432075738448332913e+00
5.726751127046252776e+00 -6.568767695846815968e+00
7.908627469645342245e+00 -6.550812863672074826e+00
-4.335772711850953698e+00 -7.428357736425379443e+00
-4.250375241717291530e+00 8.459910425563911929e+00
1.691798631365131200e+00 -1.209244080562862322e+01
5.185504398885605326e+00 -1.070197942801699753e+01
-1.297963507048803145e+01 -5.428334913297861775e+00
-6.298398169773284039e+00 1.008415154037558636e+01
1.412674578664732294e+01 5.832676917892868573e+00
-6.094463668636473486e+00 1.216393619275716276e+01
2.487330919173327715e+00 1.621271135196387547e+00
1.462138373445707629e+00 -2.184590312536371925e+00
-9.089739597464694398e+00 -8.409452177145286811e+00
2.040023348001156478e+00 1.126346618293252178e+01
-1.152442975576077444e+01 -6.900925632759268069e+00
-8.240328986644122722e+00 -1.439453162311085599e+01
5.058786963878642240e+00 1.878994025481279806e+00
-1.304359356063887709e+01 6.694858758233994678e+00
5.474954552662584462e+00 6.348687731197209416e+00
-8.494786087715851863e+00 -6.103209141010797367e+00
-9.067849053371267232e+00 -1.150631539736568243e+01
-5.540064837700438005e+00 -1.566969339717324416e+01
-1.490360784224474600e+00 -5.793793011813423988e+00
4.789534678450291239e+00 -4.066443547399583025e+00
-2.575451126494344933e+00 9.672899539633899479e+00
8.334771060066330506e-01 -4.729950762152153487e+00
3.356932057292102201e+00 -1.520114105657734349e+01
-1.390788206839251018e+01 -4.336303173652353848e-01
-1.234454831572771383e+01 -1.009900677065270358e+01
-4.135477473338935894e+00 -1.072516090545747325e+01
5.005484591558026608e+00 -4.495228275784413086e-01
3.032771578507482246e+00 -4.152657033164945943e+00
-2.894546011806003349e+00 1.404907414655493625e+01
7.726554162990293406e+00 -9.618691724498892981e+00
4.546480628459228512e+00 8.684284205872224049e+00
1.165455065931606882e+01 7.037553521015794900e+00
6.645048939837305824e+00 7.613661708852063725e+00
-9.479350199165752500e+00 -1.586846941824729740e+00
2.327085200034694878e+00 -6.119292301026986181e+00
1.197947767569948851e+01 2.015189429329222293e+00
2.903008924350011455e+00 3.450984863396939772e+00
-1.225604364886876851e+00 1.129906546053549832e+01
-4.298806141499158073e+00 -1.343500160916244113e+01
-3.973755272928288562e+00 1.652823301680399481e-01
8.537265226383656369e+00 -3.802398715155693054e+00
-5.041505944418567253e-01 7.909604997149333627e+00
-1.080387937382739416e+01 -1.102360136734555951e+01
3.265185988989500743e+00 -1.376536693014550394e+00
-8.303443338756597569e+00 -3.397354260122902758e+00
-9.344975157916870501e-01 5.016901283546289392e+00
7.472895557841138015e+00 3.881299110364018645e+00
1.127926120490782935e+01 1.073747606540572974e+01
3.326589666896612840e+00 -1.016226134155378169e+01
-1.237389957303940058e+01 9.267553302373620738e+00
3.038328152542835170e+00 5.991353290496466144e+00
-9.084673936688098195e+00 4.142766410260794174e+00
-8.691806620151687923e+00 1.012676824104483231e+01
-6.636060959764435552e+00 6.891042604948321326e+00
-6.146963082247273391e+00 -2.547815693121604497e+00
-4.987215757389703796e+00 1.556896983080685004e+01
1.450276666322602637e+01 -6.076188888718970560e+00
1.602016967117828727e+01 1.646778945435375618e+00
1.341062954187852085e+01 1.263268296898797161e+00
8.290204079129562587e+00 1.007033296254803645e+00
-5.019419588518932329e+00 3.801715560116090131e+00
6.138843233746005268e+00 -1.278458144967126131e+01
7.242307614383602044e+00 -2.405902253962393544e+00
-6.608342654911105285e+00 5.889433146637941263e-01
8.664843270771640960e+00 7.822451889788037960e+00
1.011011653537526911e+01 1.295212785096471464e+01
-1.035098085401383905e+01 -5.493938482123846612e+00
-8.199856585334828196e-01 -1.322360297524685713e+01
6.697128457649945688e-01 2.377928831800218745e+00
9.246749828677064187e+00 -9.730924654598247514e+00
-2.301605030402905427e+00 -1.264683044939845757e+01
8.247185111425494597e-01 6.049290771343500239e+00
-6.722711181064871866e+00 1.457084186684673455e+01
1.213310203672882892e+01 -8.728925203071533190e+00
-1.058389172031207792e+01 6.521808373848028140e+00
9.979211263040060231e+00 8.582436918637320389e+00
-1.412484751610470646e+01 -4.392020191979998600e+00
1.155333034131572845e+00 -1.499313508183919907e+01
-1.256711494534680895e+00 1.593073440960761644e+01
9.235463069015473536e+00 -8.170776915435993715e+00
1.661100090056400802e+00 1.333483403788747879e+01
-1.147851247894036675e+01 -4.355448168056813785e+00
-1.052999900107213271e+01 8.166656192306845696e+00
-2.109015381380775267e+00 -1.051094261273981090e+01
-8.302303373732183189e+00 -1.008111312018105998e+01
-9.716367830041784615e+00 1.413878405439561448e-01
8.414953919265066418e+00 1.150840091599953396e+01
7.293610473009021433e+00 1.415481674035403969e+01
-5.144958927666287707e-01 -1.603521860698762680e+01
1.102964073972577452e+01 -1.035578193236660383e+01
-7.914979211442393137e+00 2.197250000349498578e+00
1.257434847436229575e-01 -1.563726742800604086e-01
1.421882073359718390e+00 -9.509118065361107597e+00
6.812597152196531169e-02 9.645357124556390715e+00
-1.555126567300703044e+01 -1.049111501987891160e+00
-5.878735923281489306e+00 8.472862895819208262e+00
-1.413787439398934254e+01 2.893875039426507811e+00
-2.693364657613486202e+00 -4.649532614147197762e+00
1.360454396629326368e+01 -1.567260419218859724e+00
9.519386844006856307e+00 -1.378403577527375745e+00
-3.715812211692583134e+00 -1.534589738673663462e+01
1.056107807521131292e+01 5.519008797211149897e+00
-1.384083397762682210e+01 -6.979545254426680501e+00
1.086077990486531419e+01 -2.245988724730558772e-01
-1.506569633266487074e+01 4.074696420576302103e+00
6.910948716696228900e+00 -4.999715462796840981e+00
1.389095822032587080e+00 -7.975367330298897883e+00
1.752536388026289416e+00 8.793803414049556011e+00
-9.417923880827718364e+00 1.218511356614810026e+01
1.026822364097006712e+01 -1.316833872839585595e+01
4.771048903367898220e+00 -8.706891163738106343e+00
-4.487646122529955761e+00 6.489805532704703950e+00
-6.406213993329082257e+00 -6.169202778522702602e+00
-7.964530849302315474e+00 1.365336518742941863e+01
1.231929486052430889e+01 -2.573841879153137668e+00
-1.323017093484313733e+01 4.488476082849111037e+00
1.066728432482825895e+01 -5.320728151139730855e+00
-2.055425968256061608e+00 -7.694523979234725530e+00
7.053010697386952188e-02 1.355142280640051311e+01
-1.211059894797147152e+01 -8.520345664601045144e+00
-7.359591796203272196e+00 4.747665145854174540e+00
6.395561190460476553e+00 2.638069267900924331e-01
5.454339747724446852e+00 -1.458176026206989562e+01
1.561769508072592316e+01 -1.387213468207299627e+00
6.715960500391883414e+00 1.048162528563207374e+01
-6.708826926719366313e+00 -9.870016011815645030e+00
4.536155676698871986e+00 1.093352706028995058e+01
-1.392209980861524699e+01 8.678855704681662786e+00
-1.115813351991259594e+01 7.121996880618084447e-01
-1.475298581973839873e+01 7.115250967434924689e+00
-4.890723108397578400e+00 1.093640000108427301e+01
-3.719604226202498864e+00 1.218637176831685309e+01
-6.324991128945262275e+00 -9.137196532116078629e-01
-1.098267643085637957e+00 1.010869192852943854e+00
-2.372100688942294866e+00 -1.620040682823328027e+01
-2.839020686512213842e+00 3.748021877580036687e+00
1.439897663738101130e+01 7.353381419419484644e+00
-1.598581484045039680e+01 2.825280738543469283e+00
-5.775080197025355133e+00 -4.629653377564434180e+00
1.293248713209792555e+01 -4.677804353978656238e+00
7.935626962950234287e+00 5.705795312958336751e+00
1.376348852038595894e+01 3.204061469112723159e+00
-6.191807805974530510e+00 -1.367317816393295971e+01
-8.471623120167087961e+00 5.799247705469767311e+00
1.558513698446515150e+01 -4.477778807820126161e+00
4.186678438763962617e+00 -6.897111054694263998e+00
4.909611360763125987e+00 1.530103637874299238e+01
-2.098061135216156003e-02 -1.114698977080611542e+01
1.467422151571528843e+01 3.984545670775467840e-01
-1.335624893907819910e+00 2.789820052449965004e+00
1.167662343922189905e+01 3.803003359685757090e+00
2.203994779451001307e+00 -1.628386162294553330e+01
8.784246019061050958e+00 -5.291245024380639705e+00
-1.176598850922078476e+01 3.150142140360710385e+00
1.618388701068000302e+01 3.386034833670777289e+00
-4.072539498506801081e+00 2.200039061642652172e+00
9.816142468497169205e+00 2.792093417309963854e+00
-7.839526475166989528e+00 -5.726204448306155825e-01
5.058592426990600188e+00 3.587658000842665729e+00
3.389503494969940078e+00 1.532207850250748749e+01
-4.143262321753246269e+00 -9.057016312846972284e+00
-1.995811943649480114e+00 6.999133698015711502e+00
-1.232488083477198870e+01 -2.308383526800090735e+00
1.168137798075597544e+01 8.637770805428456100e+00
-7.899342109887335539e+00 8.247419142986689877e+00
-1.135701808436977167e+01 1.065800898010459008e+01
-5.565760320208539724e+00 -1.165318323078876794e+01
3.962594225040117379e+00 -1.271523925565835000e+01
7.844199827933337588e+00 9.253895097445766993e+00
6.621478002517111605e+00 -8.208626337699376663e+00
9.858576783751072270e+00 1.202072560798892908e+00
8.592159821062882230e+00 -1.236198018654665631e+01
-2.793209946047275238e+00 -1.632878970327714896e+00
6.509781746681991166e+00 1.274234291570151356e+01
-1.388225536632264578e+01 -8.630891177489832700e+00
-1.626389210602718904e+00 -3.416983037968817527e+00
-5.784029040260312726e+00 5.151519032445243340e+00
-3.815233997210958350e+00 -5.786123183091708810e+00
1.268510364620794206e+01 -1.039993884866881224e+01
1.858985163347444569e+00 1.534537769049786249e+01
-1.393175166578122059e+01 -2.329459127721129619e+00
1.037706170291289709e+01 -3.842048995878775131e+00
1.855785336616015968e-01 1.634359785891747663e+01
4.765415379918678696e+00 -2.497560999756808897e+00
-9.817324878564594570e+00 2.093956814927278032e+00
1.649164638401735772e+01 8.518996836315650967e-02
-1.081815840244924942e+01 -2.442053598031284523e+00
-1.277032962685000328e+01 1.655963013227424341e+00
9.151502442902099688e+00 4.330244892295706194e+00
1.247654012551986824e+01 -6.879186105017303987e+00
3.184983166505553243e+00 9.452782197370861894e+00
-1.178141321881241765e+00 -9.013722004245744657e+00
-1.073713287079521095e+01 4.986795598801034402e+00
-7.426040176526965908e+00 -7.936316188989858134e+00
-9.903741486893611778e+00 -1.282985784771711479e+01
6.628121074324628381e+00 -1.136575570361351950e+01
3.063811449903752759e+00 -8.554858244167236947e+00
-2.838761695206560631e+00 5.406720211868080384e+00
9.416464134091651061e+00 1.005902946285796418e+01
9.962991502806744393e+00 -1.159758676414702805e+01
-1.222664109016446332e+01 -4.854554620833368972e-01
-1.591788705318306718e+01 -3.041261973713071498e+00
3.001824388521967535e+00 7.943216827432301841e+00
-5.193766710482380589e+00 1.371885092370314041e+01
1.278058389789284277e+01 -1.034395492232995650e-01
-1.002974486205942384e+01 -9.638820068147900599e+00
1.410593152373069614e+01 -3.387032227103906834e+00
-1.382990525703309714e+00 -9.881190013567042740e-01
3.696118259497843894e+00 1.246074158869855353e+01
1.962165918003286436e+00 4.855483582633638662e+00
1.240914712971518696e+01 5.725316073472921374e+00
-4.374075285628752141e+00 -4.086557011311183985e+00
-4.485685689597573855e-02 -6.806589164903433797e+00
7.677195026902190023e+00 -1.445663759010565030e+01
-1.575662045781324849e+00 -1.475288107249491176e+01
-7.452717258766462294e+00 -1.179642831310857787e+01
8.777283891573553376e+00 1.364960522469014492e+01
-2.867563401805554690e+00 1.629905194986653072e+01
1.338165283133147909e+01 9.252106477802946927e+00
-1.541698098862430122e+01 -6.467458157929380391e+00
1.550471244332572951e+01 4.756405867605977278e+00
2.155360678679532072e+00 -1.356888346098863884e+01
1.392805779877739525e+01 -9.135297615963784423e+00
-1.595793607141579429e+01 -4.810031304468324720e+00
9.827851875249237423e+00 -6.625051447146475425e+00
6.643702574038513831e+00 2.611033341478730563e+00
-3.076818808619528056e-01 -2.495038120805082471e+00
-5.677032653636054249e+00 -8.448963986406200277e+00
-5.724599049178813459e+00 1.842725432400186492e+00
-7.769374141526341759e-02 3.744560775093997762e+00
-1.450645113808097975e+01 1.013648282485675622e+00
1.153037222933775396e+01 -1.193823431005624691e+01
-9.063198657996215601e+00 7.220391037027550141e+00
5.249635723239691742e-01 1.202507183038108352e+01
1.628536544065991620e+01 -2.846716211459636270e+00
7.681125639338052480e+00 -7.134665224757554824e-01
-7.493189627914727424e+00 -4.747756614856292856e+00
4.927176732553142813e+00 1.371062251645507146e+01
-2.648583060636836350e+00 1.499420440461623372e+00
-1.469330940738920788e+00 1.288212420865462349e+01
-1.093634726618426356e+01 1.221396673206949046e+01
-7.450264655823323423e+00 1.142244994323709051e+01
1.941662898656623781e+00 -6.098261346421480766e-01
9.916999782618489689e+00 6.882420996464105656e+00
1.406144555113050032e+01 -7.574199230112251158e+00
4.164684289009077389e+00 4.816543500659424382e+00
-1.059585852587334465e+01 -8.115797471497652182e+00
-1.012374281867147907e+01 9.666221663094873406e+00
6.241363211240376074e+00 4.825849601387318444e+00
4.746307642037688623e+00 -1.597171554077199396e+01
