# Antenna elements layout
# Station label: stn.198.C198
# Number of antennas: 256
# Station diameter: 35.00 [m]
# Antenna minimum separation: 1.50 [m]
# X[m]  Y[m]
-1.152981021650996496e+01 -6.084200436640186282e+00
1.417297975904043028e+01 -3.551516112023318072e+00
-1.602977075390946382e+01 -1.405568987592467067e-01
-7.010404383539707851e-01 -3.387985908054149675e+00
1.293066366541533796e+01 5.674183435496988892e+00
-2.852929414557722865e+00 -9.624273130025184031e+00
8.969439109394947707e+00 1.356090092751876597e+01
-4.456416969128476069e-01 1.576065057362509236e+01
-2.192076760908165056e+00 4.914326551106519503e+00
7.724536481511634634e-02 -1.448350891655552175e+01
-8.664418633463478514e+00 2.239575679162527422e+00
5.250636963790832112e+00 -8.508051161608358726e+00
-9.895220235197660585e+00 -3.140101299200885876e-01
9.820082470136064501e+00 -5.208992146338552232e+00
5.724798362994185652e+00 -8.531478016185296553e-01
2.727856357244100138e+00 -9.860980466026612490e+00
8.326959317991928344e+00 7.736027611857259956e+00
4.137779073420411180e-01 -1.830494326727466259e+00
7.394397608584871051e+00 4.849327514606223133e-01
1.524637243991290347e+01 -6.846397913097362675e+00
5.950672948691906328e+00 -1.043619668554848268e+01
-1.728342321500782930e+00 1.075608545510309000e+01
-4.392407529841465319e+00 -1.430282083163769258e+01
-6.092243711919351767e-01 7.524766476718287578e+00
-1.487229859103717189e+01 -2.963304469962682930e+00
-4.998807323880896547e+00 -1.213752705233655860e+00
-1.043599764989582823e+01 6.971788394045521642e+00
1.114461116928192652e+01 1.119773412108033028e+01
1.232070758509867403e+01 9.131758236414434293e+00
-9.630935814864827194e-02 -1.054797657038229985e+01
-8.571819001403605753e+00 4.394025809877600608e+00
4.790966588055610487e+00 1.584526563071460004e+01
-1.017299613110990286e+01 4.767159414833621156e+00
1.566032562447158938e+01 2.568091199859360074e+00
-4.992628861144225993e+00 1.526448008265393952e+00
-1.105160221020574340e+01 9.773392063754080539e+00
8.322909383675291650e+00 1.756530404743958940e+00
7.485704466180735039e+00 -1.194781670528683648e+01
3.896075190644818775e+00 8.585962368343643902e+00
-8.138475183132060309e+00 -2.740598026033794099e+00
1.402194932033768993e+00 -3.210299055740122753e+00
-3.701060072682619051e+00 -4.673319795665554111e+00
-4.081019849945649369e+00 5.476234761882459168e+00
-1.022101329148522098e+01 1.125371321674858294e+01
5.764624236612355901e+00 1.385994143771175047e+01
-3.464432189935140016e+00 1.073282136077130389e+01
1.927802285892294520e+00 -1.546187997277854720e-01
1.408212208137471322e+01 7.797521763171086917e+00
4.312210001266873149e+00 -5.471677547731239599e+00
1.275697593998498292e+01 -8.227565308611614725e+00
-1.858340913977665210e+00 2.818041720757836543e+00
1.077911785819919643e+01 -9.000073200408433394e+00
-6.462558140483078972e+00 -8.284334873007901834e+00
-1.525290693996790381e+01 -5.952980191916191544e+00
2.539910838275531546e+00 4.851366814489093571e+00
2.113581046917172301e+00 1.440678051135648374e+01
-3.565054187648533102e+00 -6.817864737329381697e+00
-5.839674121842783450e+00 8.605916143031283383e+00
-7.286473908532753896e+00 5.289022103982219392e-01
-3.203682593435210890e-01 9.693714204984924976e+00
9.386164411170302202e+00 6.292422603334959064e+00
-1.106236920092919007e+01 -1.227839070241863340e+01
-1.280302695887881370e+01 -7.742655289206956226e+00
-3.149204583032938487e+00 1.456285222256180134e+01
2.664924767952491891e+00 -1.231327853714887510e+01
-4.457741903540723527e+00 -8.410561079663843032e+00
-8.532417780197206980e+00 6.954051302956212766e+00
7.863451721850875487e+00 -8.753951836372316109e+00
-5.979615773391637745e+00 1.229488243942787662e+01
-7.436147864164372123e+00 -1.304525074893869530e+01
9.829742450357368710e+00 -1.054840659643033263e+01
-1.353344928404189851e+01 7.508265242181369814e+00
-1.430564680785504805e+01 5.651214644332590353e+00
1.641582248519640785e+01 -2.847087945828453925e+00
1.377575250267164009e+01 3.953253320724599007e-01
5.469542486075344101e+00 -1.188994324026672800e+01
-9.572274531660719177e+00 -2.026238966243582240e+00
-5.267695486545846961e+00 -1.247698653930501678e+01
-6.672724892931412910e+00 3.147392186481543064e+00
1.057288356068226776e+01 2.127113785503556898e+00
-7.901832588490917075e+00 -7.094981770974730040e+00
5.873268130475551629e+00 5.603869850231824046e+00
2.289763210387807391e+00 2.990757173998602525e+00
-1.461025860123346121e+01 -1.245880229744532386e+00
-7.621531798431892213e+00 9.540080542080779935e+00
5.464283154021323696e+00 2.565408431779975018e+00
7.719806299738628752e+00 1.441921363149171498e+01
9.913696763865559092e+00 8.946612311941663620e+00
8.818772235202594345e-01 1.317964267243194598e+00
-1.236553438377164582e+01 -1.123450491186526534e+01
5.989006827663452270e+00 1.212287323994555521e+01
-8.433677712470739607e-01 -8.784488002285174346e+00
1.077999514933189218e+01 7.291140003467305064e+00
-5.723123299010275389e-01 -5.715772522472091666e+00
-3.589035854758821031e+00 -1.250126246016278486e+01
1.574235401089576669e+01 -1.240934765561441111e+00
-1.276832557511981037e+01 -4.427454825477616041e+00
-1.468018751635124808e+01 4.017147207624876870e+00
3.683216999953138782e+00 3.753634987997799044e+00
-1.072397472202695212e+00 -1.284848050298361244e+01
-6.004061163347399699e+00 -1.470589422943890767e+01
2.291943104387240027e+00 -4.670154099229746336e+00
1.236171139915044037e+01 -5.749534598052870038e+00
-1.346570046612600180e+01 -9.248462861453083050e+00
1.129648777210048394e+01 3.723984165959485892e+00
3.279240606870978070e+00 -2.706995662965050897e+00
5.769540003351998791e+00 -1.346076799421259906e+01
7.915436635198133786e+00 5.415389340539825014e+00
-1.064993917236141030e+01 2.103502332529281205e+00
1.312913076875182483e+01 -1.348610728595254216e+00
-2.722856145178036869e+00 7.431994276143498723e-01
1.365329003221432913e+00 -8.989267240934974978e+00
-6.724709044597791063e+00 -6.152286757836424869e+00
-1.209924723671222679e+01 -6.189828725904433782e-01
-3.582914570226797935e+00 7.462888766926486284e+00
1.164507721350400615e+01 -1.120554800094081394e+01
-1.637833449004173048e+01 1.720030128670696712e+00
1.192479778935572199e+01 -2.794388999750717417e+00
7.177000843502664651e+00 9.624968817902743723e+00
9.485007408745829593e+00 1.158455177146247195e+01
1.481386758179939989e+01 5.470513129753719284e+00
-1.077644163553784296e+01 -9.124791102455720448e+00
-2.480603405220591640e-01 1.371473437821181918e+01
2.570514611731478993e+00 1.152620802761833119e+01
-5.110934972570394308e+00 1.557553407975306214e+01
1.373954812615292198e+01 3.047104428336044890e+00
-4.964377074513491195e+00 1.006871967568311987e+01
7.831001577656309109e-01 -1.669790191671746271e+01
-1.471193264809904377e+01 1.728744610322959119e+00
7.470047867626945504e+00 -1.382157251776316542e+00
7.359442610890944536e+00 3.577368981930707292e+00
9.523614147227050353e+00 4.013089228514413520e+00
3.037431617223827374e+00 6.739782161431719487e+00
3.627593335908155581e+00 1.952427928196708962e+00
-1.161361909561563976e+01 3.353467593450734086e+00
9.918413269089253248e+00 -7.099935095583008504e+00
5.377763966819820496e+00 9.485590858446272478e+00
-8.928277714440104873e+00 -5.380472015572848932e+00
7.787246828850793889e+00 -6.883926070015014886e+00
-3.210642546824779231e+00 -1.529163929884532358e+01
-1.323059220985811635e+00 -1.539692860693751442e+00
-9.036482027813768525e+00 -1.164306593255490085e+01
-5.596800233149465953e-01 5.476159632799983967e+00
-9.564788464936656354e+00 -1.305711603339393712e+01
8.704365934575086783e-01 5.942299373980432620e+00
-3.545693572581354758e+00 1.623329348545500039e+01
-7.823775861209190552e+00 -1.452382206196603320e+01
-2.220866902341816385e+00 -7.553773067039376343e+00
-8.500608352338662854e+00 1.246431238909365646e+01
9.898230657718240622e+00 -1.273059983953109153e+01
6.283734729507415295e-01 -1.247221609286445165e+01
-7.041593024132883016e+00 -4.394612157909156380e+00
6.272111863825337252e+00 -6.750682544201644930e+00
1.046102553529184576e+00 -6.088372461150392212e+00
1.209378907313410423e+01 1.285928525878180295e+00
-5.957006308259348515e+00 4.593185939809515617e+00
-5.429793177495353618e+00 6.634455367289074701e+00
1.383792987925431817e+00 8.352709381837168934e+00
1.556536950380746021e+00 1.282053986211919039e+01
1.062668798994099362e+01 -1.567714581238663030e+00
9.228980760152026619e+00 -3.326629622649951656e+00
6.750293850251708250e+00 -3.815787993330602035e+00
-2.161398557624799821e+00 6.452306468854299482e+00
1.516597991046674565e+01 1.148287896290270282e+00
-6.122710601921566465e+00 -2.561243497498443489e+00
1.119327431015695140e+01 5.404264556284701371e+00
3.702286454408739047e+00 -1.383575397520993810e+01
-9.406003258330457584e+00 8.792583818435229404e+00
8.249690326868034163e+00 -1.342985669729195664e+01
5.537037487699659977e+00 7.143516342105915129e+00
-3.623296618097352706e+00 2.744216830766731618e+00
-7.348574779494011722e+00 1.372745727881723354e+01
1.537549410876909661e+00 -1.499807419342572601e+01
8.169438745794124657e+00 1.086266968193909932e+01
-1.952258029749202706e+00 9.089634731201524431e+00
-3.261460582196423985e+00 1.292236068190191745e+01
-1.138906053442078559e+01 -3.035333315276600885e+00
4.358040498240640659e+00 6.025711723774662687e+00
3.980716651820294771e+00 -1.073038218997317372e+01
-5.901292305970207153e+00 -9.765050659465240201e+00
1.268000805463103831e+01 -9.917951642798456646e+00
8.904976143939478561e+00 -2.137513246774815912e-01
-2.581077807078990816e-01 3.037747099600878187e-01
4.470699661227722999e+00 1.188791627427748310e+01
-1.222516010741265191e+01 5.140702335775422682e+00
-1.833182688242931846e+00 -1.129865688701670479e+01
-1.325789524166225775e+01 3.358042108462836239e+00
1.397575548621160735e+01 -5.667745929376465597e+00
1.106317392809421563e+01 9.058278824543464225e-03
1.119209612015920285e+01 -4.559537095956899933e+00
-2.892130320328986315e+00 -2.685671875058803337e+00
1.595393327393134797e+01 -4.600301585554348094e+00
-4.786699048488967989e+00 1.350112070823711719e+01
5.118707562669584377e+00 -4.201305034970289398e+00
2.291538366054435727e+00 1.640341652493859925e+01
-2.171224039731354694e+00 -4.359644411443856171e+00
5.268002588031475142e+00 -1.516578152249654821e+01
-4.854048530200591571e+00 -6.042407374817763355e+00
5.090004602311836379e+00 9.392691004478699313e-01
-7.010147936485342512e+00 5.877331422227697999e+00
-1.482291930624863063e+01 -7.646591848829979554e+00
5.567115197825287964e+00 4.064943500661453157e+00
-1.332934726741743781e+01 -2.099487450470087779e+00
-1.077989321468971795e+01 1.266254474982555678e+01
1.232919836556170523e+01 7.527391904150324109e+00
-1.411962720350842915e+00 -1.552964865298728014e+01
-1.299076392903115362e+01 9.618120693545176181e+00
-1.214677606517324193e+01 1.653849857306660454e+00
-1.615711238054274546e+01 -3.866069004863549097e+00
7.780536458603904748e+00 1.242046683909494220e+01
-1.043868026244177649e+01 -1.062446380499726928e+01
-1.360458048131562592e+01 3.740234385466507661e-01
4.069887135606773398e+00 1.024964903615990863e+01
3.596825398433605159e+00 -1.610341424288154144e+01
-7.434863331291929001e+00 -1.080588930809807735e+01
7.372318229749552643e-01 1.141180821735699880e+01
-2.054350011438646817e+00 1.581550845002460903e+01
-1.255659724099906782e-01 2.657423760420027037e+00
-3.795210135262022888e+00 -1.094638175015291459e+01
-9.952390474824611033e+00 -7.130152808518223750e+00
-8.775380898700392507e+00 -8.932375444885160221e+00
-7.567336180813553526e+00 -1.269553204607358765e+00
-9.940253692337263303e+00 -3.780362701675443304e+00
3.733057015109974230e+00 -1.083253581525497111e+00
3.756346844522965966e+00 1.414339530821194657e+01
7.670066688614880945e+00 -1.033927214664414862e+01
6.066710180190003854e+00 -2.393869238098554675e+00
-2.163895387179319840e+00 -1.397357421347049211e+01
-3.218029530048685416e+00 -6.964656422718675799e-01
1.581692215983352412e+00 -1.090428190260019647e+01
-6.594484332835881091e+00 1.516330644964200047e+01
8.281330205241058451e+00 -4.942011803372325929e+00
2.033699439010241861e+00 9.914297598023836144e+00
-1.653136559178980391e+01 -1.639457165999649746e+00
5.580417054718616043e-01 -4.586080365618267152e+00
-1.578373620255846710e+01 5.258323379309434387e+00
-1.695232617742842507e+00 1.295042883256455113e+01
-1.618300615105203377e+01 3.476533953541959931e+00
-4.453191953397865888e+00 -2.970346407552492352e+00
1.623758225549334355e+01 4.073852841354941745e+00
-7.789520198793701056e+00 1.114107350899045912e+01
3.438365797678812896e+00 -8.249493812641244261e+00
9.944007921922590754e-01 4.053806744559391717e+00
1.661429419626981030e+01 4.868493775807749557e-01
2.958922614765800319e+00 -6.204025500914964297e+00
9.054722500109612326e+00 -1.764694906377917150e+00
1.073403865013440139e+01 1.281247933684349860e+01
-1.875907245709100835e-01 -7.209399827603885313e+00
-5.777701660401966421e+00 1.266715494946168974e-01
6.956081428728257521e+00 -1.519017849377750551e+01
-1.314145083639157363e+01 -6.217632864424130545e+00
-1.196640492904464637e+01 7.589348196101166621e+00
-4.693677132615695413e+00 -1.598616305912540270e+01
-1.186557397956441129e+01 1.143402667607755419e+01
-9.129967306731655796e+00 1.402716982484760777e+01
-8.485803115774182004e-01 3.977208153506282429e+00
