# Antenna elements layout
# Station label: stn.465.S16-1
# Number of antennas: 256
# Station diameter: 35.00 [m]
# Antenna minimum separation: 1.50 [m]
# X[m]  Y[m]
-6.681310921700671202e+00 2.737005273206953859e+00
1.663646572200882900e+01 -1.118384708481748646e+00
-1.472063652498479591e+01 -1.097458908992294369e+00
2.389568958612354521e+00 -5.775686035177406197e+00
-8.503109483084047682e+00 6.213942030497157987e+00
-1.038897222683010213e+01 -1.996600229808953131e+00
1.366707001291786838e+01 -1.707007206523769582e-02
1.006531726285638584e+01 -9.885447871910141515e+00
-7.334941955740227115e+00 -5.585492244917860560e+00
3.733944541126351879e+00 -1.498727891346330665e+00
7.048129513809993085e+00 1.175623958603311081e+01
9.333638529665130079e+00 -6.479262997018651049e+00
-1.847811971148573207e+00 9.871561300117726034e+00
-7.807897118730606323e+00 1.308077288283558204e+01
8.909210867075536555e-01 9.510336387450756490e+00
5.960215511455142945e+00 -1.525782854420931400e+01
-5.616064094831418885e+00 -1.020138977027848881e+01
2.179331577304225220e+00 1.128072082382055541e+01
8.613649769823005897e+00 -1.380344573575439604e+01
4.670504717341973588e+00 -7.897843624637538085e+00
1.290615573479175993e+00 1.640729356035791398e+00
-8.930368121718252894e-01 -8.361905770953992345e+00
8.053959641432964389e+00 2.725450776642549755e+00
-1.096930614328676157e+01 -8.703618758666589628e+00
3.223005619235948416e+00 1.395758995658400181e+01
-6.780500145982614413e+00 -7.645964924448982458e-01
7.763578258595391191e+00 1.072032298309164133e+00
5.609027627878397482e+00 -4.228400686358380511e+00
5.253311181020521303e-01 -1.423368067172517470e+01
2.911704312781530746e+00 -1.598780539730548789e+01
1.467931913295002033e+01 -1.275978413074575712e+00
2.932808889966693755e+00 -7.380255809786934407e+00
-4.739488663826536552e+00 1.002083540336215606e+01
-1.653540133575644333e+00 3.912458334810903438e+00
1.188946564686511209e+01 -6.274673033618327622e-01
6.540266189474753133e+00 8.847738772530416185e+00
-9.732932670988539314e+00 -1.215804451044606438e+01
-1.271692949881578372e+01 2.342736656520774119e+00
-1.359476518439755388e+01 -2.455147613680086494e+00
-5.971863373371036232e+00 1.162814603553727011e+00
-1.583135364345720930e+01 1.836840765545360910e+00
1.098943144343558487e+01 -8.543778920464790261e+00
-1.134333504426545502e+01 8.647510784362317793e-01
2.857577786707476974e+00 2.441527795243494836e+00
2.335844331408164720e+00 -8.377755844075451819e-01
-1.111162863067518458e+01 -3.439367493619004179e+00
1.329168189171713266e+01 5.294240531823529494e+00
4.092573195628755656e+00 -3.181206960389657112e+00
6.111626209191285852e+00 2.306573649865161002e+00
-1.469803958977287550e+00 -8.255272109819529192e-01
7.791094757619610789e+00 -9.049714284330647729e-01
-3.085837272221942484e+00 4.438531327965961282e+00
2.934850540586992906e-01 5.761566251264731875e+00
8.049644561982724156e+00 1.458532480824698752e+01
-3.587680464280772696e+00 2.345206614166098547e+00
-2.266014878311960246e+00 -3.302893168137199353e+00
7.649552743030852753e+00 -1.096371779244192624e+01
-5.737414221641440548e+00 1.521517298506248750e+01
5.689338698825839202e+00 -1.121697902315604090e+01
4.369414168737730364e+00 1.077262380312356882e+01
-2.588858870748088847e+00 6.515355746058787645e+00
-9.912505541958971378e+00 9.353985472436132653e+00
-1.385965003926184380e+01 -5.261378407489157638e+00
-1.389891998283154528e+01 4.866937214352550001e+00
7.512991620137622562e+00 6.287393816768823029e+00
-8.588078626007717986e+00 2.017239257036877120e+00
1.170169054195721259e+00 1.538253511644823135e+01
6.889846632493792811e+00 -9.063296537777100426e+00
-2.588613478478190899e+00 -1.509547153384941609e+01
1.041317675666746112e+01 1.258833106028065174e+01
-4.916754982108647809e+00 7.700424736615335775e+00
1.072735594239906831e+01 -3.819478401082719188e+00
-5.639263744107829268e+00 -1.428073542338518465e+01
-4.220212572808250684e-01 1.201311761882579177e+01
-9.622207399483107437e+00 -5.475228138657655563e+00
1.128148797389623681e+01 1.262605022412426337e+00
-8.927426528771462699e-01 1.658398118005994348e+00
-1.175834811213312747e+01 4.215341979697491581e+00
-2.661204290795485150e+00 1.532513141676140123e+01
-5.093616285365568430e+00 4.063182929693439860e+00
-1.246800743215892737e+01 9.966661517780607937e+00
3.826245973232904163e+00 6.967173937138120721e+00
-4.562187423585386981e+00 1.246566996568348884e+01
-7.998954716340982429e-01 -1.059223177826134332e+01
-6.610436109790187587e+00 -3.824628328691614954e+00
-5.102185174095474451e+00 -3.925434301559226569e+00
-6.591928967329758748e+00 6.663037902175670268e+00
7.934125715836728432e-01 -2.327725826074965809e+00
-3.294565008775629522e+00 -9.924434189626721192e+00
-4.187756989681043152e+00 1.490177635906338338e+01
1.158499565495622363e+01 3.460939328215943078e+00
5.913255630552988862e+00 1.422188509831463321e+01
-5.421289927051125446e+00 -1.574950571320188786e+00
-7.464989149554600800e+00 -9.584815747424535459e+00
-4.745449376074958536e+00 -1.562072697401896981e+01
-1.135522875462483761e+01 -7.083997383092745181e+00
-1.762492441251602315e+00 -7.087085730216305279e+00
-5.939633421458685447e+00 1.322417612591926428e+01
-4.239917242431001654e+00 5.918794586536186841e+00
3.776892312173846022e+00 -1.426607245791938183e+01
-4.389132269056229774e+00 -6.165062818696730673e+00
-1.611413611796127299e+01 -1.697142665755841051e+00
1.040502624394090958e+01 4.988155505979435134e+00
-8.940723080947396539e+00 -1.079673666990314729e+01
-6.615436370189661019e+00 -1.203046584690999943e+01
-2.724193772537612190e+00 -1.228973775904103150e+01
8.209430585006494141e-01 7.446996417983481109e+00
-8.126273841608760762e+00 -3.080205047942014218e+00
-3.145491347980318153e+00 -1.330813617752617972e+00
1.348898621629017924e+01 -9.480669879168589276e+00
7.226075994498749822e+00 -5.583276977077991532e+00
6.262546287210216889e+00 -5.201135504017457833e-01
1.362951265766018238e+01 3.134969748960052982e+00
9.143397800722535607e+00 -1.236801314411478181e+01
-7.835771420152468636e+00 -7.260022741184613437e+00
-9.854329272823472152e+00 -7.409454227341495169e+00
1.147185045102154533e+01 8.960953764804266086e+00
8.161514307647834698e-01 -8.855702893289668864e+00
9.268091085860223899e+00 -1.523606504894878810e+00
9.515097972557295947e+00 1.042650008916009341e+01
8.481924005977710124e-01 -1.092558160721980443e+01
4.006914233464009101e+00 -1.011586031676052500e+01
3.496427589049570628e+00 -1.222063727406387912e+01
6.283359277510314200e+00 4.599451695403015350e+00
4.964414808284267622e-01 3.182722029319990042e+00
8.712378916619204716e+00 -3.014398485832529673e+00
1.188991645904564010e+01 7.254890608020705400e+00
-1.054585138713783010e+01 2.596186861838244653e+00
-5.279744390822038724e-01 -1.264658364914048860e+01
-9.880593983935092695e+00 4.220929025609894580e+00
3.190683167399043896e+00 8.998597479532861598e+00
-9.736780935579410823e+00 1.326884144282797706e+01
4.241053815710131403e+00 -6.186469713906893375e+00
1.384183426371255266e+01 -6.335149084379240847e+00
-7.675500671957294685e+00 -1.444450549567899245e+01
1.242414523565149409e+01 -7.600256571599159017e+00
-1.226620729369425078e+01 6.626731746817732471e+00
1.544714988872351569e+01 -2.766315770698639653e+00
-7.386395433436682367e+00 8.002863522002691354e+00
-1.206251050620631915e+01 -1.046010960169349957e+01
-6.064987693192698259e-01 -3.419486510976000204e+00
3.889420103128820472e+00 1.224812253264732220e+01
1.649806304420911829e+01 2.117422118135351639e+00
-6.690644671408465527e+00 1.169728197624083421e+01
9.750174146806468656e+00 7.781587610395451549e+00
1.343967585720843161e+01 -3.361241869680075212e+00
-8.396986929191953664e+00 2.791411605287485997e-01
-2.971619062794403021e+00 -5.203836472357972198e+00
1.597152590523648286e+01 -4.770556415967309505e+00
4.324953128390816914e+00 4.451824532718145377e+00
1.183207190695760858e+00 -3.947359722103822577e+00
-1.158796193108129557e+01 8.553769502494898092e+00
1.972796144645592165e-01 -4.118070513058817994e-01
-4.096762621538804439e+00 -1.148392605069064487e+01
-1.161133566996372934e+00 8.308046617280215429e+00
-1.150876135287582258e+00 1.394906210299060589e+01
2.215287688355090268e+00 -1.383691294809668548e+01
-1.514693821226563486e+00 -1.387640925415239934e+01
-3.153394624874648500e+00 1.092090889941488285e+01
-1.237377827638574601e+01 -4.862510495111338926e+00
2.492007903732798013e+00 5.785797598723195989e+00
1.898912534918032691e+00 -1.217334019655819688e+01
-3.314512595106524628e+00 -8.118841067347862150e+00
-4.705359590855213270e+00 -2.478607654144617811e-01
-1.438341212206186981e+01 8.423179236443964157e+00
-5.391517048957783942e+00 -8.033469603533806236e+00
-1.514531265530465909e+01 5.814819555412576335e+00
5.621964793745181765e+00 -1.974069624954520208e+00
-1.314676756399231472e+01 -6.332324517806142694e-02
-6.447153106459905914e+00 9.842919162418194645e+00
6.690318022317569557e-01 -1.596547072762430730e+01
-1.490539741087838266e+01 3.603380836261468545e+00
1.096926080571537909e+01 -2.329826083941503256e+00
1.102224600268175791e+01 -6.007859393367636969e+00
1.419949952102960467e+01 6.976323353176042019e+00
-1.002544174219604400e+01 -2.812164394449183646e-01
7.723376637674352452e+00 7.912463316749555275e+00
-7.417403131232651603e+00 4.549713402841430110e+00
-1.456255779439736386e+01 5.872020277136904554e-01
-3.440798078449759601e+00 7.566763253513215659e-01
1.153478082343868749e+01 -1.198654214931192641e+01
-1.084319661698483372e+00 1.611861941850485636e+01
1.069055189887315294e+00 1.309485431116300447e+01
-1.038910121640135387e+01 6.394298799961603663e+00
4.169182634914108121e+00 -4.716654901567096658e-02
1.570947115865806865e+01 4.825841391704702943e+00
-1.503745498715020545e+01 -3.975787171435293033e+00
-1.362426225966802029e+01 -8.588662536350424759e+00
1.165657634694702693e+01 -9.979520486936312551e+00
-8.680322798487111413e+00 1.029702966619175442e+01
-9.765472894259104919e+00 1.168139020661869765e+01
5.949121810045035375e+00 7.244598471160099251e+00
1.327670886056153776e+01 9.949915723886139318e+00
2.730049605443703342e+00 -9.036234664123309557e+00
6.758489016230935675e+00 -1.395836310524314250e+01
7.808510914472439168e+00 -7.361657484507139415e+00
9.319966562093288331e+00 6.140811072400971682e+00
-1.608237342934749492e+01 9.644564433938285219e-02
-3.037219053365031840e+00 8.885694873887540979e+00
5.978145483207580213e+00 -6.661034630300889603e+00
-3.641036961883571621e+00 -1.387302374833467766e+01
1.586833485805600219e+01 3.144508147994500291e-01
1.451720641699635905e+01 1.780474078863136356e+00
3.003268996317110862e+00 1.567109649788719139e+01
-1.156825762805104674e+01 1.207293176981469429e+01
7.156168239712634715e+00 -3.096297300754557114e+00
-1.535742558596563967e+01 -6.084853604568614571e+00
9.904458393408024364e+00 5.953117656140527458e-01
1.877896263831861035e+00 3.952748499744032529e+00
1.190345130497881243e+01 1.067740432277817320e+01
-1.425023893301258227e-02 -5.419714674868233217e+00
2.759888466680923358e+00 7.795269197093723790e-01
-8.879384805371605793e+00 -8.944785746265322857e+00
9.217769349493121211e+00 -8.642458627755264189e+00
-1.447774032801365962e+00 -4.929045137535574383e+00
8.721522346403965287e+00 4.502896267333358793e+00
1.453498565105606843e+01 -7.773480553331985732e+00
-9.218143836846055095e+00 7.839529896120893682e+00
1.213336871831951314e+01 -4.474307245034770730e+00
-1.217318083696418540e+01 -1.407995922004435130e+00
8.797600425528912638e+00 1.184043407362083400e+01
-3.937827554216132953e+00 -2.830191336029711735e+00
-5.170737186843469502e+00 -1.260557015790454827e+01
-1.062000330672415060e+00 -1.621067505950758303e+01
-8.565385545609105478e+00 -1.245331938084074608e+00
4.763301030326051233e+00 1.560555575698685971e+01
5.125382275450377279e+00 -1.317971600746980343e+01
-2.082546249673637107e+00 1.220749795349098221e+01
5.487842095539829046e+00 1.266916367565935175e+01
9.887531994819369174e+00 3.019919676674113873e+00
4.840761383511985372e+00 9.256845970792472400e+00
4.397973120624591559e+00 1.738300538350294744e+00
9.677908776601995555e-02 -7.228732272168986839e+00
1.278585441337339645e+01 1.707669424788520018e+00
9.172540620354489249e+00 -4.887258585993887294e+00
1.333378917921703888e+01 8.252583452819553855e+00
2.357227625245691627e+00 -2.776198244316351094e+00
7.442888868147530701e+00 -1.253122523564071678e+01
8.001720210411260581e+00 9.748260154690282064e+00
-1.334150169012734111e+01 -6.748109728727389012e+00
-1.245036574044377176e+00 5.607806267334044747e+00
-1.381178471700879662e+01 6.820774676824381544e+00
1.547531773527457943e+01 -6.211274863838820437e+00
1.258210048482175480e+01 -1.996554771972249398e+00
4.912966360635014240e+00 5.856883246004390031e+00
-2.703914756964339361e+00 1.378699060988640213e+01
3.483777393892840024e+00 -4.702038065650501864e+00
1.387607961890399011e+01 -4.831089551169915453e+00
-1.474692464639264600e+01 -7.460099935503812674e+00
-7.704681588521433255e+00 1.468052898209141688e+01
-1.127079383738265150e+01 -1.204909537217937299e+01
-9.667045680700237398e+00 -3.888744224858518450e+00
-8.498461270306941984e+00 -1.307349546504300264e+01
-1.090807148229635715e+01 1.069394219100101395e+01
-1.043982668823484516e+01 -1.060563144845084693e+01
1.528233290059765892e+01 3.361444732648333655e+00
