# Antenna elements layout
# Station label: stn.053.C53
# Number of antennas: 256
# Station diameter: 35.00 [m]
# Antenna minimum separation: 1.50 [m]
# X[m]  Y[m]
4.766193549496627213e+00 4.005225734961040729e+00
-9.051235798104945829e+00 -5.240315914410704323e+00
8.954895606703772160e-02 6.260740044408127147e+00
6.953809478844519276e+00 -1.023368311952181919e+01
6.183956835928796636e-01 1.393488984792989882e+01
3.558123951882933511e+00 -4.367536714567895828e+00
4.361464236841584352e+00 6.615509066183840048e+00
-1.628219145882031782e+01 1.155776635924190998e+00
-6.457878790077097975e+00 -2.302940081789770943e+00
-1.666238262480094434e+00 6.673049881846960574e+00
-9.759833014079088542e+00 5.510929406050163237e+00
-1.306445117579983162e+01 -3.484123396310607745e+00
9.057178490534106174e+00 -8.631168916042000205e+00
3.192979131055110997e+00 -5.994994059630172956e+00
7.158327830635499822e+00 -3.846952323310492972e+00
1.617715766762434981e+01 -1.852222975133189564e+00
1.109396213555220001e+01 1.728398759500773707e+00
1.332551722633998637e+01 7.594409720540031827e+00
8.326103713738056911e+00 -6.256316693981219146e+00
5.293031858826537928e+00 -5.325139478887077615e+00
-3.964821681421831556e+00 -1.301448249658371203e+01
1.293467177292940207e+01 3.960984251078929930e+00
-3.193070235761808817e+00 3.475731259473892720e+00
1.164008516197859677e+01 -4.303086772202400212e+00
3.314387267072760324e+00 -1.307256014609266792e+01
-4.771033455763303621e+00 -1.155549083034360436e+01
-3.681407367632601790e+00 -1.795907382945960862e+00
-2.334794936594990489e+00 8.386724179188590256e+00
-8.880318069203962494e+00 3.054255866441284439e+00
8.717704675970772144e+00 -3.874190995349369615e+00
1.428199199306789779e+01 -5.601453865411397004e+00
-6.136425797269351889e+00 9.927180697140158827e-01
1.043298017160399738e+01 -1.116524537211902057e+01
1.368719861057683218e+01 1.562087814902135108e+00
-1.508771187647255374e+01 -7.217117147516830755e+00
-5.879913173824593997e+00 -4.423928114471358697e+00
-9.824820978907496283e+00 -2.632459492632483133e+00
-3.932644389925691542e+00 1.250369690160324865e+01
2.119472725308238381e+00 -2.470156249688059802e+00
2.528996054927372228e+00 6.907813940712848932e+00
-1.042780157465523772e+01 -9.492132071268134297e+00
-1.132101808656352659e+01 1.126857243112956297e+01
5.834418823281545485e+00 9.199211669488537524e+00
4.879116528571696421e+00 -8.644088581618669664e+00
-7.539437510462779102e+00 -1.463452511482401519e-01
1.323041084245694776e+01 -4.117074594595893089e+00
8.219895103985738416e+00 -1.941861126474885069e+00
1.470485585207491397e+00 -8.105095909064436555e+00
8.889849490640166607e+00 -1.353807531119169738e+01
-1.487359121541722828e+01 -2.454417977637259440e+00
2.478629859244449563e+00 2.314558300196168261e+00
3.546952976895866527e+00 -1.633607553028556936e+01
-3.268046012535549494e+00 1.006697296260339414e+01
-1.368386440576289687e+01 2.653582778412864940e+00
-1.689700334819098870e+00 -1.196042658582941876e+01
-1.012950373920923397e+01 -1.097017480604503881e+01
-7.992129775893133115e+00 -1.669952110137909784e+00
6.994821471425076709e+00 -1.332146910920682004e+01
-7.638861722321600212e+00 -4.672628587046883553e+00
-5.742947048643371133e+00 -1.271512862060180993e+01
-6.860761682446497645e+00 -8.664428528652670991e+00
1.164345543957356455e+00 -6.283122274502410676e-01
5.917085762280521521e+00 6.753965165313768892e+00
-1.611683255266553871e+00 1.444505955633689709e+01
2.503268834347604610e+00 -1.078161808614648720e+01
-1.571875933257725144e+01 5.137019849575729324e+00
-1.286339994422932520e+01 -1.106287290689508040e+00
1.916532376021969242e+00 -1.529042214045458081e+01
3.891170559357242098e+00 -1.348809787499018142e+00
1.005490774871996607e+01 8.839700783092339975e+00
-2.917405037309540816e+00 -7.238295475027513248e+00
1.554558502797127773e+01 2.791488924803704919e+00
-9.098226100107019931e+00 -1.921865929101826964e-01
-4.843168993428333735e+00 9.653312825749807757e+00
1.032867852100218187e+01 -2.055705945736976403e+00
2.809721543142337907e+00 4.125517267582321068e+00
1.348714697119443073e+01 -1.528817671982427129e+00
-3.371539147153121974e+00 1.892436208265216635e+00
7.713014062581279973e+00 2.286344872338297307e+00
1.517330253869486967e+01 4.723007818239590705e+00
-9.596434998688547324e+00 1.156952701346721568e+01
8.027590815106382394e+00 9.269748899913299311e+00
-1.150001955645389984e+00 -5.441051352561940391e+00
-1.354246417256414148e+01 9.346273070245604941e+00
-7.129193423584245792e+00 1.037909455472162890e+01
-9.092621599380237285e-01 -8.324177005883459657e+00
-7.773568349545868728e+00 6.028066558603182301e+00
2.606670519606648639e+00 1.644318966698494222e+01
6.254334072718137350e-01 -3.083959040272510777e+00
-3.202679251292396501e+00 1.403585489717128709e+01
-8.264710652031572735e+00 -9.537100166265343404e+00
4.008550298625348063e+00 1.411104615629554360e+00
1.050802602905955041e+01 1.087038363427898702e+01
-1.752631683174033839e+00 9.859779538137239285e+00
-1.212067466466713306e+01 -8.250823062606386316e+00
5.218851032626286468e+00 1.413910763288799544e+01
3.049716429832702858e+00 -8.587660237507030558e+00
1.188834798426436734e+01 -7.863499895429248099e+00
-1.095259025463849767e+01 4.158545175789420512e+00
1.100767217319008395e+01 7.188185469330797162e+00
-5.143001439281601250e+00 -1.511434554946849929e+01
-1.117044424465698427e+01 8.877914001347342321e-01
6.362742574587226585e+00 1.102261750185182265e+01
-9.427366835288427893e+00 -1.244730829863913257e+01
5.104028707351659477e+00 -2.940504498899940700e+00
-1.410081789932970509e+00 1.159307305076626804e+01
-1.449991445845748927e+01 6.238272895365454929e+00
3.727070098915206131e-01 1.190853840070040093e+01
9.694385351593229672e+00 6.314838597671009524e+00
-1.302377838214788497e+01 1.207767345758632871e+00
8.652415225106967256e+00 5.119666837963734451e+00
-1.440610591850936117e+01 -4.618360928702447410e+00
6.808876843041648641e+00 1.264241293913166331e+01
-7.228656675676226939e+00 1.496353675639758762e+01
-8.692598590521654955e+00 -7.432290027294001789e+00
7.756400563013041705e+00 -7.664314713816319014e+00
-1.791897082952665698e+00 2.295339296522627137e-01
4.487146892366187245e+00 1.597051983757992133e+01
1.459235464845749419e+01 -7.666138215660268429e+00
7.784182832811357144e+00 6.869294006312248513e+00
-9.656911435469446303e+00 7.779784114933484318e+00
2.854389675444146235e+00 1.341815084589126528e+01
-8.384960669143202594e+00 -1.430352687611500251e+01
-5.104687667942631180e+00 6.167366489672460261e+00
9.625707862490301636e+00 1.213813661770085517e+01
-1.126544589368770311e+01 -5.455872120816824378e+00
-1.454105600135858367e+01 -7.393996962911373316e-01
-1.468720185070574047e+01 8.032137643615346434e+00
1.063152382431954734e+01 4.461922167492264890e+00
1.084824001393796422e+01 1.044813836677285224e-01
-2.421028031658378765e+00 -1.657122054981296344e+01
-9.035932085550136605e+00 1.398205057191007583e+01
-7.369499366520752659e+00 1.328354739872567691e+01
-3.335777277743110503e+00 -5.595567751057982875e+00
7.340292052913568455e-01 1.518936337568170813e+00
1.726993151132361959e+00 -1.281273349720755306e+01
1.596943526924569312e+01 4.426632123457743262e-01
-2.750442775350926183e+00 1.637803643870166326e+01
1.202338926401536057e+01 -1.057990953268202361e+01
-2.024929196265587095e+00 -1.482145016866954279e+01
-1.901091344161152108e-01 2.927673953562159426e+00
-8.059407753213745806e+00 -1.128744646768960713e+01
-1.492120067709528541e+00 -1.005311529013772898e+01
4.559851423589300623e-01 -1.187302186287281636e+01
-5.500753769958858896e+00 -7.938358417618481155e+00
4.666037292787148516e+00 -1.108216369596202355e+01
1.300291755694270890e+01 -9.424854835810741349e+00
-6.070781519873730048e+00 -1.057319548246207219e+01
6.646130290481227831e+00 -2.943630275220670001e-01
-5.079936764080024147e+00 1.402053023165093393e+01
3.696643793171933368e+00 1.090335937281056644e+01
1.419339977568410660e+01 6.023930144226678607e+00
1.114850827917389964e+01 -6.183530723604198087e+00
-1.519093203563137706e+01 2.926807200980213963e+00
2.873818133366548011e-01 -1.580783502187643386e+01
5.731446623887080705e+00 1.786782945454437055e+00
8.949241157868343066e+00 -1.191546953262119501e+01
-1.210509147408972552e+01 8.834915466536518380e+00
-2.840068119944126224e+00 5.551554175582740669e+00
9.514276889868256148e-01 1.581305818318003276e+01
-1.195202202567292815e+01 7.235339695699597229e+00
-8.841181042245063182e+00 9.552428559945834508e+00
8.811582045786867212e+00 1.391626276285046870e+01
-3.500343183647771639e-01 8.370286924012500407e+00
-1.053312580762117534e+00 -3.747525278985705199e+00
1.215031973173732638e+01 1.113768818831263729e+01
-1.203632091609240007e+00 -1.886134899725574243e+00
-6.866280477900943424e-01 1.603970964349683470e+01
1.202362894570724450e+01 5.166545231009052941e+00
6.922858395869507575e+00 4.934179601880700261e+00
5.415921272635344508e-01 -5.252238602859410577e+00
-4.208003193585527768e+00 -3.926767278211283241e+00
-7.088090567995262603e+00 2.672704859370913510e+00
6.829798529829432141e+00 1.494930469024785680e+01
1.058488072647776335e-01 -1.012673159427738057e+01
-5.067451826566696127e+00 -3.961747912193374077e-01
3.887384155836670629e-02 1.013657714125208287e+01
-2.505498412273610143e+00 -4.207997720918305262e+00
-1.307544318158048569e+01 4.777170413646086189e+00
2.273565036165052788e-01 -1.384459808257571112e+01
6.735845121277307612e+00 -6.295655786386673114e+00
-1.118097408184562802e+01 -1.741640061282334173e+00
4.776066991728640687e+00 1.261912604133869564e+01
5.180163245160144925e+00 -1.509101028217932239e+01
-5.698194882045472198e+00 1.159629870444980781e+01
3.652084203284445607e+00 8.237294720250353919e+00
1.196674532638162702e+01 8.829480482812030573e+00
1.274792846893965148e+01 -6.270647585017849579e+00
-1.071955576980205649e+01 1.276270195601290425e+01
9.774035322544040838e+00 -5.318574273554901310e+00
5.043960609333996814e+00 -3.398759532305817288e-01
-1.350273445987770771e+01 -6.526271280133688180e+00
1.238176527586366049e+01 3.150634926110242873e-01
1.029841112800714598e+01 -3.621270795726236003e+00
8.962097184480978029e+00 1.076530372547684777e+01
-4.442714064807413266e+00 4.340818009388403453e+00
1.593931213542432346e+01 -4.150263808111361641e+00
-1.025918362821370700e+01 2.380489150481583494e+00
8.622274248509800287e+00 -2.123192258255457432e-01
2.337399473037429232e-01 -6.807241082678126887e+00
-3.402698091994476925e+00 -8.966113373901938743e+00
-6.184376639365394723e+00 7.677438129487700991e+00
-6.563335712542246014e+00 -1.397244446227385239e+01
-7.778172986012750201e+00 4.388643971851724501e+00
9.133575398711535342e+00 1.538287516363812557e+00
2.583149012289251090e+00 1.660844619416366186e-01
5.358436916215268297e+00 -6.957356606804946608e+00
1.052787208113376138e+01 -1.294279900094539570e+01
-1.615775920516102104e+01 -1.040748848797221626e+00
-5.629084443798641146e+00 1.567898866794463686e+01
1.222928163782495758e+01 -2.695473015087896940e+00
-3.591409994556409302e+00 -1.512588466737278736e+01
-1.358484621393298575e+01 -9.064564382810768706e+00
-1.215031636523489489e+01 -1.075937703064490947e+01
1.696215245939349359e+00 5.523277259855376542e+00
-1.705429803237265673e+00 2.740284809255431497e+00
-6.862638655229943652e+00 -6.194694968254570000e+00
-2.291673312142826546e+00 1.282016933071107800e+01
1.473899966689342023e+01 -2.471522664819774562e+00
-9.800419406682330248e-01 4.467107879347633315e+00
-4.139242663960398971e+00 8.056344600537819645e+00
2.035846260967712595e+00 9.801341536421244172e+00
1.490403309114848440e+01 -6.527690420782192859e-01
6.451493023637315360e+00 -8.763344773172573099e+00
-1.091927484360576983e+01 -1.225645501890484113e+01
3.702423975459890215e+00 -1.453167998799570704e+01
1.392046686482269990e+01 9.166157558055171961e+00
9.709448012960169905e+00 3.250321007565833753e+00
-3.416826727287727294e+00 -1.058007935496967988e+01
1.250315917988125136e+00 8.060596640746116037e+00
-4.047482623758829945e+00 1.546089249529347853e+01
-6.035266024339287938e+00 4.955591812479035241e+00
2.312036583811018176e+00 1.158836319708226981e+01
-7.825653810977144076e+00 7.890190000995072950e+00
-4.853483761109899319e+00 2.356727745695213372e+00
-1.105192809543029142e+01 -3.560200458078622177e+00
1.994295294677588259e+00 1.465884997035556836e+01
-4.849286145720956398e+00 -6.531827319977457691e+00
6.840854904624421806e+00 -1.493995269036695639e+01
-1.133864974305023843e+01 -6.967673702939606528e+00
-1.617581530818731750e+01 -3.704507538724296722e+00
5.373919939450974681e+00 -1.328395002751215870e+01
2.018592564782974108e+00 -4.888356504994600726e+00
8.605891431777539680e+00 -1.012708277866511253e+01
-1.203995172251256562e+01 2.459894339115752615e+00
1.245107071173887192e+01 2.430882896434361840e+00
-1.130810439815669888e+01 5.724506081547783509e+00
-1.295850377820446653e+01 -5.085175196017999610e+00
1.114663315938159016e+01 -9.331852028898476092e+00
-9.075675237441593879e+00 1.361053822429347804e+00
-2.364263980770537898e-01 9.145259483337753181e-02
-1.455814578390723923e+01 9.197322426173286658e-01
9.705679711686808986e+00 -7.049386697028527493e+00
-1.054255333039666453e+01 9.204458863896398668e+00
-2.505446862456986779e+00 -1.340008641586846849e+01
-7.953115571750757340e-01 1.301419512626340591e+01
