# Antenna elements layout
# Station label: stn.033.C33
# Number of antennas: 256
# Station diameter: 35.00 [m]
# Antenna minimum separation: 1.50 [m]
# X[m]  Y[m]
4.965888136566452005e+00 8.554029965327547558e+00
7.425380732686512886e-01 -7.517022346209214945e+00
-4.930018354395059532e+00 -1.333718319440349731e+01
3.104446199094716974e+00 4.167085467237768626e+00
-1.446073514897431700e+01 2.487960436398974906e+00
2.047648467813875328e+00 -5.336875198156819877e+00
2.897150924829190899e+00 -1.285323167644343911e+01
-7.891185655120132481e+00 1.048439710200958785e+01
-4.864317264452042266e+00 7.259177632030720417e+00
7.447542722539800764e+00 4.658341840813875478e+00
-1.276651533151586548e+01 5.452941012580620139e+00
-2.764398871062292429e+00 -4.784795147562238782e+00
1.155066968646335468e+01 -2.046157540917871387e+00
-5.546039115249875806e+00 -9.566354310193553090e+00
7.566362964803222013e+00 1.030557101563154276e-01
-3.045811853668574543e+00 1.003579390568770791e+01
1.945319494253809012e+00 1.048283208192914273e+01
6.557159971584116676e+00 8.045101355591643966e+00
-1.182770660561410736e+01 -6.781138855669945897e+00
-5.276982776230623173e+00 -7.062231360993251883e+00
1.015881706124974215e+01 -8.787134705977059923e-01
1.470532514382786360e+01 1.955325266366806147e+00
1.271308631664933841e+01 8.335768830733591983e-01
1.100574927176274187e+01 3.277316006832059259e+00
-3.283898140809887067e+00 1.415699619029494372e+01
3.705433245726815983e+00 5.895403728021584300e+00
-1.458707497370617290e+01 -6.421308772580456292e+00
3.060186621605087254e+00 8.593743825222802002e+00
6.986964303056193870e+00 -1.163709252163837427e+01
-1.784946178557413887e+00 5.014449336006848057e+00
6.242277037121951366e+00 -1.506839387952177667e+01
8.463161899708637748e+00 -9.675833313310704398e+00
-5.035469332083319927e+00 3.943295464901659386e+00
1.055309143318502052e+01 -8.190196721806030311e+00
-1.491581351602782668e+01 6.306783976160037497e+00
1.129667581025243805e+01 8.472759554687694816e+00
-6.033939357869044784e-01 1.308411871467309595e+01
8.937344823765833723e+00 1.086803697464565843e+01
3.064025138837905615e+00 -3.909662216936403922e+00
9.548011508207387976e-01 -1.265922242147112797e+00
-1.044076655836588507e+01 1.031702897883174330e+01
-4.206171275288710376e-01 -6.212578805446726804e+00
-8.661225680506644764e+00 -3.648728932180249629e+00
-6.407213979894628153e-01 -1.355665887043314477e+01
6.489555751875862200e+00 -7.614936465966515300e+00
8.538777746038636707e+00 1.237187342808644885e+01
-9.621818484664235172e+00 -9.120392626749922016e+00
1.567129006647854794e+01 1.908106585503190900e-01
-8.951337488198808146e+00 1.354076027849559694e+01
1.069383061299246052e+01 1.100744914933889973e+01
-5.466261888989478734e-01 -4.304233132615808088e+00
-7.432376659634131855e+00 -7.853291203044479474e+00
4.625135447356836238e+00 -6.100499406313595330e-01
-3.502165210239516213e+00 -9.621511962795207040e+00
2.927980255221690697e+00 -1.464110029808280444e+01
8.585750349005664361e+00 7.283917498078796626e+00
1.255692148639125705e+01 6.058211925101520734e+00
4.914047862347494799e+00 -2.838952167512536207e+00
-2.407318262770877126e+00 -7.089419324211425177e+00
1.605220525858118918e+00 1.438619783808935182e+01
-1.104945468079811199e+01 -1.596489278194908934e+00
-3.750940844573513289e+00 2.186555358414448591e+00
-6.688413152505884085e+00 -4.903257009876682559e-01
7.382231639106358045e+00 1.435563000153639734e+01
6.436561828791369066e+00 -9.812626871039707765e+00
9.037199360655922220e+00 -1.202009376415878883e+01
5.832410483714745908e+00 1.770253672567026371e+00
5.319370064280633414e+00 -1.224342558524703684e+01
7.168548546731571491e+00 -3.608554677331165195e+00
5.304876076758866077e+00 5.392149215387178174e+00
1.350926030848777870e+01 4.263128717079350594e+00
-1.293484753447923907e+00 3.277247806373345895e+00
1.120700386086249623e+01 -6.664857388119594717e+00
3.749034019984812005e+00 1.392010435353666153e+01
-6.576458046535510249e+00 -1.303724071098130466e+01
6.410437185208408550e+00 1.318319132820039030e+01
-8.954117251643131326e+00 -1.187942231849198649e+01
3.511201649333472119e+00 1.447010955462054937e+00
-1.093452329122641764e+01 3.147546453856691073e+00
-1.067467034956647254e+01 -1.229391407265344682e+01
-4.915350178388138147e+00 -1.530240291253709373e+01
-1.297663660043369127e+01 8.003970502911208484e+00
-8.749158140743723777e+00 -7.057934385514066378e-01
-3.865374147098293633e+00 5.045415531206778326e+00
-2.394741679744100793e+00 -1.141024242297842051e+00
-7.986277334641153303e+00 1.230297897563805876e+01
-8.109224642532439020e+00 5.844974873245131874e+00
-5.208770811514060739e+00 1.535129290813775071e+01
-1.615579599395463362e+00 -8.400519052787204899e+00
1.568124463014869718e+01 -2.801497709380386780e+00
1.416410200500128624e+01 7.487875759997336900e+00
1.399558966577061270e+01 9.115679788736844813e+00
-6.816086471336209485e+00 3.736112142957090043e+00
-1.047469221632716341e+01 4.961901103137808633e+00
9.574384109930523579e+00 2.404443706685182036e+00
-1.571741377499597192e+00 7.605593998323161742e+00
-4.350407323095673462e+00 -1.927802041064081706e+00
-1.520536669452098621e+01 -3.063683722511072460e-01
1.560774457900798495e+00 2.545190453932903552e+00
2.092530501449260782e+00 -1.026900472311991308e+01
-3.304515935095563961e+00 7.912691865751998677e+00
-8.639109971089613538e+00 2.963256468714469349e+00
-1.581113833509732203e+01 -4.433596433477969612e+00
4.248019810375069483e+00 -8.843499190798455700e+00
2.725777250755342607e+00 -8.456619840536479416e+00
-5.315842122829424810e+00 -4.344938119626934991e+00
-1.347000008609100874e+01 -8.221244065744942375e+00
-7.947940234038822993e+00 -1.473792791305067240e+01
1.214511694424624366e+01 1.056611203288062484e+01
-7.828024406495261545e+00 7.556618539577414140e+00
1.024926476632387917e+01 -4.806438917223417207e+00
-6.863901981179459710e+00 -2.999659949123989477e+00
-1.172907467963479888e+00 9.673005392727347385e+00
-8.746059593230176787e+00 9.070722285382071703e+00
-1.073548565713143965e+01 8.123495982658315739e+00
2.209991078364907935e+00 1.595758981738257631e+01
7.407977681140021531e+00 2.641967437297346066e+00
1.582708016465571177e+01 -4.578547679159708395e+00
-7.136398149007579406e+00 1.433454516042262838e+01
9.234479604262229913e+00 -6.267278351533096981e+00
-1.077109855004130878e+01 4.391674617199221586e-01
5.176699588317610790e+00 -4.503622869830870457e+00
-9.458195074505795219e-01 1.135074075793244219e+01
-2.983858760727956749e+00 -2.696320839935653524e+00
-1.083560567677335840e+01 -3.736676213826816806e+00
3.650526362345143383e+00 1.015664661466302832e+01
-1.381034240503211663e+00 -1.013989318220803426e+01
-5.841467681700295955e+00 -1.120648696031831193e+01
3.193285077682084250e-01 6.010108829336111569e-01
8.192021121168551190e+00 -1.779468168350968327e+00
-3.147662902784672312e+00 1.231819056975652416e+01
1.371481339508481767e+01 -5.442715016793044924e+00
-1.054800558478657280e+00 1.259006739527901431e+00
8.037902723460881305e-01 -1.263335620990905639e+01
-1.221159197511886241e+01 -1.013204824037646290e+01
1.216111485261025393e+01 -3.660823009085609314e+00
1.577062310208230400e+00 6.124732609030875352e+00
1.285152375081036169e+01 -1.038405224330433185e+01
1.563124217186430087e+01 4.374063060750941645e+00
7.878425101863097524e+00 -1.371045342814024792e+01
2.238231874177820657e-01 -1.084979431842964814e+01
-2.002944089160376251e+00 -1.439247376640452813e+01
-3.922971122696939261e+00 -1.130821802673971455e+01
6.211681563611453072e+00 -6.685210982065648011e-01
-1.733833442550013260e+00 1.635821482678345973e+01
3.535979339130324917e+00 -1.106235096606779855e+01
1.385181748058398199e+01 -3.827838047307427161e+00
-1.226894730243328802e+01 -4.622351469133272772e+00
1.097778865922756708e+01 1.469200121002387505e+00
-1.325470856557993038e+01 1.019951134955046257e+01
3.529125545043456214e+00 -6.405178358798808702e+00
1.557570926623874641e+00 4.327560027447511004e+00
1.295224550339355574e-01 8.434941346603299195e+00
-1.275357748876720976e+01 -3.202781365613414977e+00
1.265949744686771439e+01 -9.351466058114574764e-01
2.171051102236010166e+00 -2.247865115969576166e+00
-1.251636850791045319e+01 3.809006698847241523e-01
-1.396667056435004639e+01 -4.312982062141227146e+00
1.411932529295279792e+01 -3.745646049416073708e-01
-3.403789153070444939e+00 -1.544619427610830975e+01
-7.525123088436846075e+00 -1.125235618082389166e+01
-1.010727573562787285e+01 -1.076229963248075450e+01
-8.837433379912992493e+00 1.046798401019533031e+00
-1.236727650975126913e+01 2.142893925586683679e+00
2.529004679868371852e-01 6.852186931582888718e+00
1.148440777245101074e+01 -1.125137129185108975e+01
-5.610848035664908195e-01 -2.553930678630816686e+00
3.740397161073872212e+00 1.597491523986719386e+01
-9.838049071450960525e+00 -6.712200526071015361e+00
6.377874566209175811e+00 -6.070934058122398724e+00
1.042155219469306004e+01 -1.282506381959298203e+01
-5.502868353348446817e+00 5.831012210715549315e+00
-5.832414421920535830e+00 1.015249268284835438e+01
-1.628559962971225872e+01 -1.890573142075119506e+00
-2.103703854804624740e+00 -1.655365907573911599e+01
-2.692037749431841931e+00 6.254567402422459566e+00
-5.897465708336664392e+00 1.449529539747004492e+00
6.695917593054858230e+00 9.988944455681060930e+00
2.923584779299872594e-01 1.643307839786573510e+01
2.004202977732585822e+00 1.691424054679053768e-01
1.187805202528576132e+00 -1.614146879236142595e+01
-3.775978979809762492e+00 -7.954232463137939746e+00
-1.361898986898750152e+01 3.783734025420201874e+00
5.251336219608834455e+00 3.321289639740182764e+00
-7.376447203210114267e+00 -5.887366407654134548e+00
1.212458622011867604e+01 -8.472473962754719423e+00
-5.141059621961154846e-01 -1.672486271725729523e+01
7.775046115070605168e+00 -5.397771374260580401e+00
-5.754387621817027565e+00 1.302471408018192633e+01
9.910097537542426949e+00 1.314325959826166823e+01
1.450133095129687888e+01 -8.073386157134683216e+00
4.429116056375377752e+00 -1.569043497148865995e+01
1.518869083088526395e+01 6.201907324412676559e+00
4.792649397719543458e+00 6.973989041895212182e+00
1.066300986981060817e+01 5.347227185347385614e+00
-1.389017153134758686e+01 -1.557535572897476683e+00
4.008894149934199902e+00 1.201404491915902639e+01
3.446453556146344965e-01 3.425483450820564713e+00
-6.493569743396001570e-01 -1.512530712219211182e+01
-8.457996428044936010e-01 -7.702428084908383710e-01
1.585746960413644047e+00 7.725700379309230925e+00
4.911982448263714218e-01 -9.019612469683179867e+00
6.309451441096953772e-01 1.214812430404039745e+01
-4.862096472397876568e+00 1.772623018072714274e-01
-1.054804661525341203e+01 1.195240716369416845e+01
-2.379548666825593628e+00 -1.204328121125799456e+01
-1.481971830598534012e+01 4.803954577193998432e+00
-4.488894115728992773e+00 1.118331036631430209e+01
-8.773127866487925530e+00 -5.231800468398429160e+00
8.939730586749558228e+00 5.244786928540147386e+00
1.029487200336211217e+01 -1.013242154567397968e+01
1.665436711504128908e+01 -1.141618107840471907e+00
1.217925574423457391e+00 -3.444885572663080708e+00
1.633383067265042143e+01 2.567407733483285881e+00
5.681851726719159501e+00 1.155008370996527844e+01
4.440282965929014836e+00 -1.416724745666163443e+01
-7.176344440658681378e+00 9.005847501226110552e+00
-1.609540120331692847e+01 3.812056915075565655e+00
-2.994041962113927369e+00 7.590132331711991753e-01
8.696170315190919098e+00 -4.107195795653094450e+00
6.810052334146199371e+00 6.397199287609968366e+00
1.208272893086360256e+01 -5.364319487388305774e+00
9.570653286692870410e+00 6.699357342079572675e-01
-7.239374204945434599e-01 1.511887753193520467e+01
-1.174167853070217937e+01 6.652410737860105172e+00
-1.670484336543595560e+01 -1.265107590886458411e-01
8.224554795659202000e+00 -7.450126944848552313e+00
-7.919785829361499552e+00 -9.452545608688827983e+00
-1.579012002173707607e+01 1.595855773469562422e+00
5.236153596281500455e+00 1.441604909212438201e+01
-8.847672114044158320e+00 -1.346834071662577514e+01
9.405810397027149605e+00 8.624309286706708377e+00
1.328763188523722150e+01 2.716981030110229511e+00
-3.626747132977294896e+00 1.630627732416336784e+01
-1.102719475942842919e+01 -8.213859761819023220e+00
-9.868195378058903344e+00 6.528681605614657713e+00
9.611394365515742777e+00 -2.809890711034602973e+00
-4.388785165157413459e+00 9.020454156612633057e+00
2.283684519781044031e+00 1.218660434404271697e+01
-9.659397739322582055e+00 -2.498935013480137357e+00
-8.840564118429446339e+00 4.503862097550332066e+00
1.156871649855446549e+00 -1.429411008162771779e+01
1.367201203775399776e+01 -2.114044356218114373e+00
1.008662770819867660e+01 6.831136807270539180e+00
3.072057152000699176e+00 -1.637650583757062250e+01
-3.601800893503911638e+00 -6.105087327485010817e+00
-1.672858646448318609e-01 5.357227668062005677e+00
-1.054281397083398630e+01 -5.241013844550876044e+00
-1.450081174455031885e+01 8.068628306870454736e+00
1.519486205637157639e+01 -6.394824664657409841e+00
3.539873003777529448e-01 1.049142498373700150e+01
-1.208312225274012519e+01 1.145455271560472710e+01
-3.288246271615967942e+00 -1.348406384202352903e+01
-1.202679229790104465e+01 9.222876522848366676e+00
-1.419761341743263827e+01 9.496992545646349981e-01
-6.474820615231637433e+00 -1.523029480906729916e+01
