# Antenna elements layout
# Station label: stn.243.E4-1
# Number of antennas: 256
# Station diameter: 35.00 [m]
# Antenna minimum separation: 1.50 [m]
# X[m]  Y[m]
1.023022419360777491e+01 4.086515161566257603e+00
3.274914149374613004e+00 7.437801419879285447e+00
-4.147414430086453052e+00 -1.368877629112912686e+01
-6.870510753654974323e+00 -8.291295635732081948e+00
9.190005676979748017e+00 9.448509433092031173e+00
-5.351574466127104301e+00 -5.182933496123046879e+00
8.464202845010280640e+00 3.370148024759124894e+00
-1.430369991904736082e+01 -3.980166600395932619e+00
-5.447905999530513910e+00 -5.267267053795237075e-01
1.507644197657111107e+01 -1.973867626902086059e+00
-2.972243494302878375e+00 3.269516791596473126e+00
3.162925029474610739e+00 -4.976045033298156284e+00
-8.074920333226735636e+00 6.153034286272202280e+00
-1.551438511916843588e+01 1.650043480132794116e+00
-4.700088703258959555e+00 1.415120312516734202e+00
-1.019891802917673829e+01 6.753262643417951239e+00
1.113822064182719629e+01 -8.475223974574809915e+00
-1.075262736232524041e+01 1.806195311830720129e+00
-9.417631677374910026e+00 1.369630379518027752e+01
6.671278903278476946e+00 4.686409554895398344e+00
5.465643943280863226e+00 1.078455081062875465e+01
2.560149208125324094e+00 2.862076808099352832e+00
-7.057890419568375151e+00 -1.310828737757340434e+01
8.599874942477931938e+00 -7.078378881477007667e+00
8.509418663833770324e+00 1.388265527898060014e+01
6.272049815683846674e+00 -1.306830014355206337e+01
-8.196350099947318668e+00 1.254331254856827371e+01
-9.376409709493671585e-01 7.126073306610894775e+00
-2.053281590746276919e+00 -7.686692976759559315e+00
5.587729665996437944e+00 -3.884494744815897960e+00
1.091954461361865469e+00 1.112298251300849117e+01
4.514659716753108398e+00 2.894775795714217281e-01
1.269708278567894055e+01 7.919446814818826397e+00
1.485706682957955138e+01 -4.642631923612867695e-01
1.408115518658818743e+01 1.478948515505848604e+00
-1.064380001233899975e-01 -1.179337385426579132e+01
-8.435113474910119535e+00 2.147956168888367046e+00
-2.856933451593166140e+00 -1.109365828457964298e+01
-5.287874260978355778e-01 -3.306056277932297505e+00
-1.246878874259413728e+01 2.145982113905024136e+00
-9.678363526316770660e+00 1.150354045383260626e+01
1.190610182084231994e+01 9.399001138356108953e+00
-3.544008285565839245e+00 -1.635582751254183620e+01
1.090998074463232825e+01 -1.188119951033810118e+01
1.242795085882318773e+01 3.977782837390197557e+00
-6.649655683523246097e+00 -1.488449949908607017e+01
3.145642509581314528e+00 -1.289883068411243094e+01
2.234072947695604938e+00 1.333780952323039060e+01
-8.555008388136553066e+00 -4.446957066811407344e+00
1.470026818498908483e+00 -1.603362767892758711e+01
-9.646508101895996390e+00 8.244109761118149748e+00
-2.684915550296194553e+00 8.791733167737493915e+00
-1.287295556765634785e+00 -1.654031858587430648e+01
2.138648945644465726e+00 -6.988917148746354613e+00
-6.149293381871920872e-01 1.619352967080263994e+01
-5.290982821450382900e+00 -1.196004985450014502e+01
-5.506529421302099436e+00 5.803905877629521370e+00
-1.590667853440215396e+01 -2.339114254679129701e+00
-1.163228502072991866e+01 -1.189043070546098235e+01
1.955357705710564886e+00 -1.443626586593559935e+01
-1.078834098808159325e+01 -9.612546414074479628e+00
1.067845692535867386e+01 1.823439897377905794e+00
1.370333555762508482e+01 5.130918703225002986e+00
1.040619822440881137e+01 6.980484230495662246e+00
5.541084656305486078e+00 -1.001937426468782988e+01
-8.092010060949142769e+00 -1.381346231508832290e+00
-2.175628306867386286e+00 5.912458133326762066e+00
7.577903557410419211e+00 -3.791917583212637055e+00
-1.128966486685401804e+01 3.679033957981264535e+00
9.803354168686695402e-02 8.865900660063768868e+00
-1.479577662038948915e+00 3.763546188189334174e+00
8.811278809005109736e-01 1.492296591467731304e+01
-1.200123324940924974e+01 -3.619502992434794564e+00
-1.669583388810266911e+00 -9.705662463720059918e+00
8.501855015262552939e+00 -5.568296669366260332e+00
-1.293144658336245634e+01 6.481978389867325774e+00
1.538451328807948926e+01 -4.912001582279513556e+00
-1.101624176405441169e+01 9.672136137723793325e+00
1.241724045056156456e+01 -7.055859859348956320e-01
1.321652881141890390e+00 -2.033023897235176847e+00
1.241781405582464970e-01 1.052610140238215308e+00
-1.363367200689172698e+01 -9.577560162897507112e+00
5.053561497306890971e+00 7.374304479805740442e+00
8.730115598328175963e+00 6.039672974585297283e+00
-2.835952633550430591e+00 1.435958367815582548e+01
-3.009695147339449761e+00 -1.317167722251141981e+00
-5.760369474155394798e+00 1.559233303003918536e+01
3.675557304045742768e+00 9.315340767863663274e+00
-3.067397657479231654e+00 -4.215095478878938096e+00
-1.031257749370198162e+01 -4.684008753238760647e+00
6.422994584989410782e+00 1.293893850912098742e+00
-7.350747189522619962e+00 1.392654845685931519e+01
-4.078950624579649187e+00 -6.495557276996901663e+00
3.170611201679744084e+00 1.530085166468280988e+01
-1.994037215763826865e+00 1.029673213164768342e+01
-4.308758635698840322e+00 -8.974898517291920896e+00
5.312528308958391676e+00 8.912951777658200569e+00
7.426901453296757438e+00 1.145070638799155560e+01
-1.495634042909986583e+01 -4.074892485330288139e-01
-6.326215066491300831e-01 -1.506238457435747691e+00
-1.205532229622953366e+00 1.276645688613626106e+01
1.528330540252831327e+00 4.335716029789232095e+00
3.065089628670730093e+00 -2.095784272991453534e+00
-7.037792463669822141e+00 -6.386451064777292075e+00
-1.382658209240564950e+01 8.511061342284452991e+00
5.836736146442547124e-01 -8.793164672538058113e+00
-2.150862672791717500e+00 -5.863995222411286790e+00
3.090595750491765159e+00 1.098276868015834040e+01
-1.241579453581478454e+01 4.947850386464498484e+00
-8.626107902321182408e+00 -1.259841050658449113e+01
-1.514824311156995407e+01 3.449276599225491680e+00
9.308106411079631215e+00 -1.962310625171873824e+00
-9.431411124364252885e+00 -7.845172406381362151e+00
1.340171923619121941e+01 -5.445577901575369140e+00
-6.718588417095864074e+00 2.956814909243860257e+00
-7.215882538375723243e+00 -1.135029172961626287e+01
3.891067918260826985e+00 -1.468767591234219694e+01
1.397850950815195503e+01 6.821298077046218822e+00
-1.194816383186320508e+01 -7.109540709761626331e+00
1.576151649718180181e+01 4.998373327280354772e+00
4.674007300802053066e+00 1.419660039124158146e+01
1.144524587451121533e+01 -5.514651283824603567e+00
1.475980551784825678e+01 -7.593184068288870492e+00
-5.101607214724174000e+00 1.179778651791332678e+01
-2.686589682909154675e+00 1.617220668579495424e+01
5.012222759547722006e+00 -5.636763721034828478e+00
6.127471187589183188e+00 -8.574259048176193332e+00
-1.199196902573150325e+01 1.109077129841915621e+01
1.289089705207935310e-01 -1.525259911533625079e+01
8.522478273400420079e+00 4.023606537675661343e-02
1.058336643563647783e+01 -4.136920383754636887e+00
1.299244675043077990e+01 -9.637713239858806347e+00
-7.383509131986741636e+00 1.245219940574138207e-01
-1.871661436950313728e+00 1.321759720848543651e+00
7.439143107482571793e+00 -9.802342313790017414e+00
-1.505639402644969316e+01 -6.463859261985884785e+00
1.041387510220057422e+01 1.236453878815843765e+01
6.936791583064469080e+00 -6.335791626366855667e+00
-1.085005407166344682e+01 -3.981657546993524477e-01
-9.994328825422726936e-02 -7.179516678074501002e+00
-1.497786488701564167e+00 -1.252122996131987520e+01
8.508967792414061648e-01 -4.300392636368613353e+00
-5.287309364528777422e+00 9.568608125682537491e+00
8.275901516200896424e+00 -1.430817971873218752e+01
1.148658714274731452e+01 1.096711637691111463e+01
2.058704563948840160e+00 -9.106226655949514637e+00
-1.341387203070921608e+01 3.578823175027078918e+00
9.934447770635781438e+00 1.081953424315618051e+01
4.869474132310244840e+00 -1.657752264295027089e+00
-5.546523749322849639e+00 -3.076525216342071545e+00
-1.038074882655097042e+01 -2.652301931112910793e+00
-4.256726966626890984e+00 4.936792757179677693e+00
9.598213641215433967e+00 -1.018739739874077976e+01
9.794209768706210184e-01 2.630929446511288461e+00
1.648557302850510098e+01 -8.094657447814874729e-01
-4.832976416706042500e+00 -1.050312090346782767e+01
6.845933036507574343e+00 1.375347058518502763e+01
-5.423250056728504020e+00 1.364955914230155898e+01
-6.976986716072609340e+00 -4.306581395478485064e+00
7.116703313399273867e+00 9.746225798436967125e+00
-1.272444577251501130e+01 4.409183347003065023e-02
-1.185513519290850937e+01 7.720691955555388120e+00
2.297849468964447084e+00 1.277940944139917434e+00
6.947810986187668902e+00 -1.519014945228239810e+01
1.438564021323761821e+01 -3.441213893103519439e+00
1.628193006619886063e+01 1.092329306099529163e+00
4.003795450296905756e+00 -8.711254605012355157e+00
-1.056901772619594482e+01 -6.516925728360883241e+00
1.118887465393984115e+01 -2.529342512982976743e+00
-9.341548191235332865e+00 -1.103424015217907694e+01
-8.544381181871361974e+00 -9.172206997831155562e+00
-2.179228753169459409e+00 -1.417747953409587680e+01
-4.185524604673478422e+00 1.519094149534056726e+01
-1.183436307571821544e+01 -1.684301329487897902e+00
-1.337475316042920070e+01 -1.589728853305100387e+00
-7.627981648996779995e+00 1.033540363347180602e+01
-1.250968649638564756e+01 -5.209529282193621214e+00
6.699822507988081099e+00 -1.743863349232761095e+00
5.109769314791311245e+00 3.378043766174720020e+00
-1.396427554405596361e+01 5.296288228122627118e+00
8.823513028949054871e+00 -1.251008169371710821e+01
-6.882875013073945780e+00 8.757848121845619005e+00
7.553299173439274483e+00 7.492740230298316817e+00
1.056948660284900754e+01 -6.353362724367812575e-01
-2.979247746779902783e+00 2.627159220495762781e-01
-4.129525694553123571e+00 8.225682187994010519e+00
-8.759780309961303857e+00 -2.934425993963326817e+00
9.793520974092473352e-03 -1.358579528510474610e+01
9.142612621189336153e+00 -3.682538297560324025e+00
2.796863668967020544e+00 -1.137214540193539491e+01
1.344038548556026669e+01 -2.207377434354592438e+00
-5.408291641496466795e+00 -1.584549632740579206e+01
4.545424395080495117e-01 1.285576134530197479e+01
2.334424167005177964e+00 8.628616645795052165e+00
-3.713651196703651181e+00 1.101721142525445885e+01
1.199811565969053362e+00 6.589874890982240885e+00
-9.810153271768404792e+00 3.347861125800772442e+00
2.431577773518672103e+00 -4.580743302219758561e-01
-8.817070753203035238e+00 -6.105207584626652917e+00
5.250605602642327341e+00 -7.251163913548783313e+00
1.629397737254616629e+01 -2.869784314946716819e+00
-9.412385316607940311e+00 5.888498920486178179e-01
1.210152467762697981e+01 -3.860066034406054669e+00
8.918199561669641895e+00 1.203528569367937351e+01
7.046957915041296872e+00 2.793171730075744819e+00
1.608834288171544102e+01 2.796286866570682150e+00
-5.719139778839803512e-01 1.117648319476378305e+01
-1.670191373776152588e+01 -3.119996068547870038e-01
4.008105369136384155e+00 5.847270955483164556e+00
-8.437929864463409757e+00 4.668000923594494367e+00
4.090391215480636333e+00 2.241071625829778924e+00
1.184326399596054102e+01 5.897332352452156812e+00
8.947340699330375458e+00 1.707272928947734414e+00
1.214629579994924313e+01 1.155586185254882992e+00
5.941465111841861102e+00 1.562597828964432267e+01
4.577472527560733084e+00 -1.602142080022123594e+01
9.198263425710759833e+00 -8.555024486052401400e+00
-2.831079622902040072e+00 1.224144841495628810e+01
1.406713823567254451e+01 3.576765342697886041e+00
1.361435749123605277e+01 9.151421796763287375e+00
7.587331271038404878e+00 -1.146954573236963171e+01
-1.381624485583351003e+01 -7.667796240133748498e+00
-2.727259021334198508e-01 -5.684363415932670804e+00
-6.678790006791379241e+00 1.241223811198596394e+01
1.505100699297390321e+00 -1.238826037919298351e+01
-1.558123082135476878e+01 4.939273769600891484e+00
3.901829696728391639e-01 -1.031883543813706794e+01
-1.063608552608201485e+01 1.267380960851073013e+01
-4.011891616196884058e+00 -2.722301327901512025e+00
4.562706487517594667e+00 -1.236129448420935439e+01
1.542075897406647300e-02 4.110381126417909314e+00
-4.471960303106865098e+00 3.196909674826272862e+00
-1.003172851446652913e+00 1.445768551231684640e+01
1.301006135420277232e+01 -8.090831511660589115e+00
-1.510776204240216281e+01 6.469381778648191528e+00
-1.578944028379384790e+01 -4.526845837924190263e+00
1.016832917843152728e+01 -6.593583347275259854e+00
-6.893082584704734117e+00 4.830280096700725778e+00
5.951913267489690185e+00 -2.999017823389387161e-01
5.146071953353974493e+00 1.236187256955586378e+01
-5.566046396785404582e+00 -7.104178715414878553e+00
3.663456029812980574e+00 -6.503467380569928125e+00
2.502883528696745685e+00 -3.624662036003158505e+00
3.576502180662505026e+00 4.400426333023848002e+00
-1.408834273900328427e+01 8.536286375086525879e-01
1.617884449634424016e+00 1.660375578129840335e+01
1.195155742849348357e+01 -1.075587298103074474e+01
-6.061927341058071406e+00 7.272319516907295167e+00
5.435715364653464832e+00 -1.462825026503480430e+01
1.199287736847377417e+01 -6.970466486438354536e+00
-1.015020582547230354e+01 4.922065586022430494e+00
-1.016788116391324337e+01 -1.290612207137829515e+01
6.684673439375394821e-01 -5.413537088558584287e-01
-9.532235926302226048e+00 9.979217097921122104e+00
3.619853708418073523e+00 1.274044404574476985e+01
-1.325470242854946257e+01 1.018567912427334221e+01
