# Antenna elements layout
# Station label: stn.338.S6-6
# Number of antennas: 256
# Station diameter: 35.00 [m]
# Antenna minimum separation: 1.50 [m]
# X[m]  Y[m]
-1.626128470167912354e+01 3.376113202654838830e+00
4.896613913077416669e+00 8.386977465303679935e+00
-7.917156642263865507e+00 -3.214638858130069110e+00
-1.565628934539381234e+00 -1.584301433635151213e+01
6.096321845199504708e+00 1.718630550545277913e+00
-7.248797307215740560e+00 -6.198736473201030606e+00
9.339400127424195119e+00 8.562075584216369606e+00
-3.991537923329941506e+00 -1.085770228540308935e+01
-1.429899632146610600e+01 4.642727052930947451e+00
1.093555993301670526e+01 -7.361495192327154768e+00
-1.054688660591352978e+01 5.984527917928343044e+00
1.033983416350913842e+01 -9.270135046306393178e+00
-1.088289895247930517e+01 -3.013563948496503997e+00
-1.550505579593465733e+01 6.044198517430480422e+00
4.451836945442337878e-01 -8.506415241899238922e+00
-1.222434835406204456e+00 -1.393362321287477812e+01
1.291861579830320395e+01 8.584688687587963329e+00
7.994769081675659805e+00 -1.237097354617070977e+01
6.354359736200624553e+00 6.363337634790482866e+00
-6.514288770224727187e+00 1.315459876129492045e+01
-5.252298305399691003e+00 -8.524530895406957853e+00
-1.127692759193155325e+01 8.117066641132069549e+00
1.163177446507453539e+01 1.193343204022022874e+01
1.052007677515135242e+00 1.127497941665451009e+01
1.892193892871524952e+00 2.145374685429818129e+00
-1.044915522331749003e+00 1.605970251831183759e+01
-1.960816288286508779e-01 1.333240608847178521e+01
9.392743529752380027e+00 -5.083465644189210764e+00
-1.652015945948617670e+00 2.152126951340225247e+00
-1.923255057100631049e+00 1.067416012752573451e+01
1.952311920177184135e+00 1.591408737595931910e+01
9.994271081251007161e+00 -2.105103884513965795e-01
-1.275229473633213217e+01 4.363109498205890446e+00
-2.596826244952454843e+00 -7.784026241864761886e+00
1.325389190543353379e+01 1.036141912279184396e+00
-1.129284094742969202e+01 1.185201645317970076e+01
4.855925121944892453e+00 3.224096542762271866e+00
-4.812053388296277490e+00 -1.528835371299630808e+01
-1.983188036400786558e+00 -3.235831747740611775e-01
-4.424394782169439821e+00 -1.258823785069914436e+01
1.551673145215286098e+01 -6.269697698038948275e+00
-8.208050019148675602e+00 5.892656268410988218e+00
-1.424724802952500013e+01 2.243344152906345812e-02
4.512093975271980639e+00 -1.067588067765592719e+01
8.100840729901072734e+00 7.573962824338842381e-01
-7.943456234842791730e-01 9.117239359277085953e+00
-2.575587753195325291e+00 -1.466384539785000740e+01
1.250710576351719183e+01 5.324156448879545422e+00
-6.889312447070158996e+00 2.027757874798815863e+00
2.107744654802687023e+00 4.701305697076698209e+00
1.056425903042770287e+01 1.080720732391282013e+01
-1.303366759483685655e+01 1.016850756330007854e+01
1.011236944380059199e+01 2.831825707769279887e+00
1.142442524250828839e+01 -1.198140724303859272e+01
3.866214553312548929e+00 6.521875216528020047e+00
-5.218143020336999172e+00 -3.001815222725953802e+00
-9.104592773569946118e+00 1.078093066028232272e+01
1.515232170681468205e+00 8.560013209510145771e+00
4.322486898040754255e+00 -1.502281336704448478e+01
5.997588160123491718e+00 1.230031459082011125e+01
8.507339353616416133e+00 -6.524512796963692907e+00
3.628152422597334947e+00 9.722548647068922634e+00
1.459243636067809291e+01 -4.594860559316224169e+00
5.898648457599499295e+00 -3.067424246105090901e+00
5.304924091579760415e+00 -6.581120977395169547e+00
6.169985906591861635e-01 -5.737855960023965807e+00
-7.180573004700834261e+00 -2.826617719935313744e-01
2.804806779439523723e+00 1.191706050480354051e+01
-1.622391312625426707e+01 -2.308282813993971061e+00
-1.345473995831751779e+01 -1.779825674815985082e+00
-9.409390441790979054e+00 -1.348711651978930348e+01
2.953353487305506064e+00 -1.614999503398028580e+01
1.428028023566909965e+01 7.161575528319339412e+00
-5.761960140413924236e+00 9.686295502513811329e+00
1.476548429867522572e+01 4.055843127225571720e+00
8.432907092877272248e+00 1.048358454465613576e+01
-9.244882842505973031e+00 1.516237976396240583e+00
-1.112509843685110411e+00 3.680685824191609612e+00
-8.001183582944669581e+00 -1.453354783103073444e+01
-1.576227388012660313e+01 1.706256590352083435e+00
3.816296430608559831e+00 -2.445639278991594168e+00
8.079302171834665813e+00 -2.100131638205226636e+00
-1.294006151130823312e+01 -3.964505610424108539e+00
-1.402607771810954773e+01 -5.377687355281050685e+00
-9.276859122472332686e+00 -1.076784001815610736e+01
-4.985632358829196420e+00 1.234566671127672777e+01
-4.020549040632875659e+00 9.677118790323504527e+00
1.197611523823116997e+01 -1.982048273163101726e-01
2.883445770862934410e+00 1.405417506183497522e+01
-1.642492819293799400e+01 -1.709665918442446753e-01
7.890097138836367208e+00 1.457295295203500984e+01
1.432060823687902484e+01 -1.119378387663566343e+00
1.314676869347261601e+01 -3.996036680236276339e+00
-2.478268194996612550e+00 -3.456595910319290255e+00
9.019830244911659634e+00 5.766145114857657461e+00
9.346359835981424169e+00 -1.041507317145167377e+01
-4.648505168768034324e+00 -2.655704734794568367e-01
1.260398638992483455e+01 -1.755979096028418951e+00
-2.095671725905697613e+00 1.228244927344251280e+01
2.464332588871247509e+00 -5.234150334230164958e+00
1.563115856668164128e+01 2.293547845936487306e+00
-1.400789595281355382e+01 1.611533911512470496e+00
-1.274253311651995624e+01 -9.324730216497259860e+00
-9.569094670370994038e+00 -6.502576345183635809e+00
1.812489898189539872e-02 6.891378058199354228e+00
4.827769400975377323e+00 1.388976982876049604e+01
-3.510915252279083631e+00 -1.611070770702965405e+01
-9.593115690003775953e+00 -5.930643968414273104e-02
-8.960371838189647775e+00 -7.927152024408867348e+00
4.331517571075398365e+00 1.240109368348912966e+01
8.882374774821599317e+00 -3.599990025331265997e+00
1.493644940542768751e+00 -1.479766683622461443e+00
8.651223867246841337e+00 3.857243368746054557e+00
2.816227291069246519e-01 -1.346491904098680692e+01
1.119796242125819674e+01 -4.683724986264893531e+00
6.378753185268926984e+00 -9.765533205134708794e-01
-8.990157475122762420e+00 -1.552628043336310881e+00
1.028654536676611286e+01 6.905735385952283423e+00
-5.043082132760471126e+00 4.165374312345996088e+00
-5.944203447131812368e+00 7.220466398279423714e+00
1.384047465277247113e+01 -6.666965368546021509e+00
-1.431319794429050063e+01 7.911077262229390783e+00
1.049572070733129081e+01 -3.245457668553097363e+00
-1.154142207220877481e+01 -1.130734072109554766e+01
-2.145223967446693081e+00 -9.246553714207445651e+00
1.650142410100605161e+01 -2.234345307233255085e+00
3.036868003816682204e+00 -1.219276263279221162e+01
1.361453122880631028e+01 -9.230222161310116746e+00
-8.971711629236930108e+00 -5.031588438062241764e+00
-1.193738138163820395e+01 -6.587637474175494390e+00
-3.324716356753352642e+00 1.957524056187153860e+00
5.584514466547204847e+00 -8.260430959864590861e+00
-8.229396337620761059e+00 7.814675546326306232e+00
-1.016475634693843944e+00 -7.377709142205958415e+00
-1.429002939994262533e+00 -1.075996027261479426e+01
2.293317879287656069e+00 -9.963533623448496357e+00
1.909673924086803254e-01 2.098625570154123210e+00
-1.506407588835476474e+01 -3.436740419016087955e+00
-1.044221259870507623e+00 5.400903328891853761e+00
1.176304337814229228e+01 2.897937077108263537e+00
-1.038623341559734037e+01 4.116910380115609058e+00
6.718961828051199348e+00 1.063388697887692302e+01
3.350203732353875807e-01 -1.165573868125588319e+01
-2.920233713688366706e+00 5.079644522140075225e+00
-5.642451756847131961e+00 1.497899777614636463e+01
-1.128025008315042754e+01 1.014646817879874163e+01
1.146897021374961412e+00 1.452804394154797762e+01
9.033710794432362690e+00 1.310130902556034727e+01
1.374896197985250623e+01 2.557286439739336004e+00
1.500747613635258659e+00 -1.517780336085902704e+01
5.594624689327126532e+00 -1.212376586856712102e+01
7.725037750802361103e+00 -1.424902962409130502e+01
1.672488776144462008e+01 9.051924119369907373e-01
-4.080778877224096490e+00 1.587565515931687798e+01
-6.843403450817437061e+00 -1.304892635360448239e+01
-1.078882230780450691e+01 -5.150040245385770987e+00
-2.845591016260240025e+00 -5.531779934124614329e+00
4.231765399788685045e+00 1.630571598784456455e+00
2.589162916747344667e+00 7.068801705038865180e-01
5.269585574796575855e+00 -4.601455147780693977e+00
6.975926159630123635e+00 7.791053416137064147e+00
8.812300065319575992e+00 -8.904049961495321242e+00
9.413640312522169040e-01 -3.579819961279760321e+00
1.882722760221433589e+00 -1.337829195437470986e+01
-1.231426785494758747e+01 -3.858459238925462387e-01
6.487528662587219941e+00 3.834907445013961080e+00
3.019375846925964169e+00 -6.802851058209030910e+00
-7.053093060075200427e+00 -4.537922132415435073e+00
-7.313492666141755194e+00 -1.047252352451136126e+01
-2.491469280611074311e+00 -1.298064632934065799e+01
-5.741421905316649088e+00 -1.096167657561984754e+01
-3.038929078882869561e+00 6.856905704621492958e+00
3.604826433725357049e+00 4.606862725724219843e+00
-3.007071412331017157e+00 8.537132095277062405e+00
5.399960293900281982e+00 -1.362040307802241834e+01
7.302757626774873501e+00 -9.901293664204661837e+00
6.900032517971759205e+00 -7.064745625368704651e+00
-9.119359790997705772e+00 9.278225458669144388e+00
-1.780053181417297736e+00 1.420143638200057623e+01
1.293803133524378168e+01 1.036727066313970980e+01
7.652059277656952929e+00 -5.184585066734088699e+00
3.813268384165404257e+00 -8.374970131934460937e+00
-7.608709994247956132e+00 9.348202412528753058e+00
-1.339356128320550354e+01 6.711542643893373850e+00
9.588376155373879328e+00 -1.195688318738889144e+01
7.445370795884883819e+00 5.090107675003771703e+00
1.436393802535403452e+01 -2.646179205663504064e+00
8.348204088438961890e-01 1.903688437185344640e-01
-1.244835159888367571e+01 1.190989181132007246e+00
2.410743412047366974e-02 -1.624722679266992031e+01
-2.549437526833825629e+00 1.630983980689136814e+01
7.637582416778336381e+00 1.220903262907350850e+01
1.225539089367679679e+01 -8.195137495330826027e+00
4.655304038520093002e+00 1.562078597781908229e+01
-3.797894834630593408e+00 -1.869671067586264002e+00
-6.923509008569675771e+00 -8.212905411382319443e+00
-1.357125489601698476e+01 -7.513580422044190854e+00
-9.277195295952079590e+00 1.383038422436831283e+01
-5.409292452320221045e+00 1.305342217316962206e+00
-7.527943752502110897e+00 4.285430199117520544e+00
-3.899361787170812832e+00 -9.224592519797294443e+00
6.177212188473973242e+00 1.496641928830415225e+01
1.946821601043275507e+00 -8.008982688847833487e+00
-5.029449029469470034e+00 -4.632268541188260258e+00
-6.752361715868641312e+00 -1.731723490806849952e+00
-1.029614646750662388e+00 -4.727155395997568732e+00
-7.610805240354423518e-01 -2.034708201350754919e+00
2.501035370723577955e+00 -3.438625876738626630e+00
-6.360006930946306980e+00 5.593578320292582617e+00
6.108891684959480983e-01 4.519586157378196134e+00
-7.231510118300779055e+00 1.141302883106159527e+01
-7.782980226652435718e+00 1.398813313682832415e+01
-5.724536295297863120e+00 -6.183068955870929528e+00
1.144505860992985191e+01 1.374882430455141247e+00
-6.514795343471730504e+00 -1.511615487454744233e+01
4.814310195850108443e+00 -4.861688473576961655e-01
1.219623631730223323e+01 6.940517409416191441e+00
8.176458885402130505e+00 2.343598371736106856e+00
1.280247025866267663e+01 -1.056833518228268609e+01
-8.139590898523239915e+00 -9.202122073833821858e+00
1.012077297989206670e+01 -1.720823689854688254e+00
1.316965357158995431e+01 3.941719870538740622e+00
1.350738443001848310e+00 6.045059939756683320e+00
-1.096981695991445704e+01 7.762020763315469196e-01
-1.444972613235407266e+00 7.494841759343433552e+00
-1.284556233116614976e+01 8.297384754899674419e+00
-9.807211570940008727e+00 7.800501411077870983e+00
-9.503947513781152878e+00 1.228406471809459788e+01
-1.123067873249607551e+01 -9.133434953363607889e+00
-2.772466630914303565e+00 3.521199078739982724e+00
5.131084393965021917e+00 4.723353929740547130e+00
-1.147699333300936075e+01 2.709931841644873884e+00
6.587809676741152032e+00 -1.525315789336015371e+01
3.366370101469023268e+00 -9.839516275555197922e-01
1.221373692928641574e+01 -5.970522957122636143e+00
-3.482913530238379352e+00 1.384715574896367229e+01
1.653895677874370307e+01 -6.005388471340076251e-01
1.591182752989624305e+00 1.286514013921327759e+01
4.824496771037861009e+00 1.086044166828656898e+01
7.395119738562421219e-01 -1.003727303428851236e+01
-4.822093938632614041e+00 6.179621432770645129e+00
-3.878617504082701117e+00 -6.769123680616779382e+00
1.104827508057953622e+01 4.426730465611381504e+00
1.091068536662637811e+01 8.548695999290536918e+00
-1.067547555459387709e+01 -1.393821516132113913e+00
-1.523594806441105476e+01 -6.741431497993726651e+00
1.959404641066797126e+00 1.000387054274314025e+01
1.609989781151285371e+01 -3.740645114886971712e+00
1.514969603986580182e+01 8.237788728337598343e-01
7.353899721611288243e+00 -3.704076910994409388e+00
3.365398679720875919e+00 -1.383451607627691260e+01
-4.559915327294010723e+00 7.942719048075474575e+00
3.044283268588358737e+00 7.950250530459104681e+00
-5.466534308260918351e+00 -1.380381051239445966e+01
-8.056624023889629171e+00 -1.178282396802342546e+01
-1.299647860206758132e+01 2.744772178389975892e+00
