# Antenna elements layout
# Station label: stn.400.E12-2
# Number of antennas: 256
# Station diameter: 35.00 [m]
# Antenna minimum separation: 1.50 [m]
# X[m]  Y[m]
-3.606400295299367897e+00 6.486320926916281593e+00
8.335291968028496257e+00 1.424164381721192996e+01
-8.958308801442981917e+00 -9.043180535937787923e+00
1.429909641260222131e+01 -4.063838824867845645e+00
2.089223031751391346e+00 -7.422499293950806987e+00
-4.047939502667503575e-01 -1.217224917228949899e+01
9.438735666548403458e+00 2.074313397119205149e+00
1.523603384826181895e+01 -6.209448900095976498e+00
2.179972468583844858e+00 -2.741035668976886441e+00
-2.192749539565378214e+00 -5.528167169151640081e+00
2.752154222518903737e+00 5.896804861984371371e+00
1.189544709389875621e+01 1.082751433998456037e+01
6.854592877583414179e+00 -2.047897143216440341e+00
-1.614354185807438924e+01 -4.697554637274876654e-01
6.760776302816079664e+00 -7.410884562449702173e+00
1.167226421822928373e+01 8.334945217687916852e+00
-1.882294190898395669e+00 -1.487508039489049949e+01
2.848465675711821632e+00 -9.365587274228428072e+00
7.422386183073346189e+00 -1.261650023221931072e+01
9.883779880158616749e+00 -1.087212986242562707e+01
3.087074759280113767e+00 -4.654134617874580826e+00
-8.278033612428700394e+00 1.217101550885255890e+01
-1.479894074252146829e+01 1.564405151634169044e+00
1.869451019141628478e+00 1.049485212023927261e+01
-8.172865320934903366e+00 2.675661034854570630e-01
-4.587425918105395795e+00 -9.570497314972097769e+00
1.811243247934299916e-01 6.840210387004130865e+00
9.885489052974975266e+00 1.253778212346559329e+01
7.114775261682463992e+00 1.017490309098929302e+01
2.431132133478762114e+00 5.128720913768702871e-02
6.287286273998560659e+00 1.174279314759356652e+00
4.992178832071918038e+00 -2.517604174017732177e+00
-1.014819668706007150e+00 1.279115817864258275e+01
-9.611876988324763005e+00 -6.056186096525062013e+00
8.708786860082426529e+00 -2.590107767292977314e-01
-7.878822730545209652e-02 -7.052978451491055623e+00
-5.231900890562615203e+00 -3.978481074999056233e+00
9.536790900744975374e+00 4.454411213093560917e+00
-6.514635966316280502e+00 -9.212325489806566736e+00
4.451592362924088775e+00 7.101658257878220581e+00
-4.854623090815739062e+00 1.464935060531333022e+01
5.900948144637414572e+00 -9.507698328759531137e+00
1.410266917451362900e+00 3.943563513117631203e+00
-7.699167195946646558e+00 -3.002287445386322418e+00
6.641533490710255450e+00 3.233210561312176878e+00
2.096069258892047316e+00 -1.250922571741522127e+01
5.869112745155664612e+00 4.779915480303003505e+00
-5.551333092663881530e-01 4.270806412472147429e+00
8.902543296999681388e+00 -4.850535483873102294e+00
-1.217566333161921222e+01 8.873615870880957601e+00
-6.080694211729946730e+00 1.218939987584717954e+01
7.748597712684166083e+00 7.561892394494844183e+00
1.260572944470805368e+01 -1.002238232303095167e+01
-2.891212817718979977e-01 -1.486234538030463170e+01
-1.989178534105382923e+00 -8.799399374742620239e-01
-9.472465731011730838e+00 -1.166855827886266717e+01
1.062062525144624558e+01 6.924018028660157142e-01
-1.276425747170862302e+01 -4.874032687987646995e+00
-1.315803579060460216e+01 -9.296392489784132351e+00
4.501898507610324174e+00 -5.537104219569288333e+00
9.491893351209192531e+00 1.010814579644300437e+01
-1.885683667393843521e+00 8.092034153106954619e+00
-6.005532549335855563e+00 -1.084298368574709670e+01
-1.490385797441321714e+01 6.781730961604864660e+00
-4.881979386429797785e+00 -1.549806696208243117e+01
-1.029805688363798843e+01 -9.892314538481148389e+00
8.443679937143315328e+00 -2.103163220849365800e+00
-1.076114092192266547e+01 -3.142661052799997634e+00
-8.559917037801021422e+00 -7.214402951035228995e+00
-2.599654799838875263e+00 -3.062636164592497323e+00
1.204763267992350251e+01 -5.911454109673304202e+00
-1.210989943959224391e+01 1.117719359149679192e+01
3.089851617301118125e+00 1.466891041875126689e+01
5.975340591736415519e+00 -1.465694541101115433e+01
1.009016485383986961e+01 -2.465458354099425264e+00
-9.354237570057509998e+00 1.375377299177726087e+01
6.998018368038696480e+00 -5.257260673021987074e+00
8.558751055389002715e+00 -8.042049640797998222e+00
-3.826299127815829593e+00 2.101065102125904360e+00
9.721667232866973762e+00 6.769906870946460486e+00
2.117200099174745276e+00 1.694823445411962837e+00
4.331387689095244298e+00 -1.087789858252570951e+01
2.786992445323583922e-01 1.595291845923664908e+01
1.230534364196606489e+01 1.296922417325461652e+00
1.347227300737691991e+01 3.671530130165265859e+00
-2.496006059309697989e+00 1.483207721675493929e+01
-8.574097607604581839e+00 8.115510816886114753e+00
-1.119247016637898184e+01 7.121991685693977558e+00
-9.505083184205307845e+00 3.149877135847532372e+00
8.128624840096602355e+00 -1.054238532013743246e+01
4.660568911263894165e+00 1.318984049744527809e+01
-4.368136062234334815e+00 5.415809829266464703e-01
-1.369394439472326042e+01 -7.010072076074697733e+00
-8.428131668103466367e+00 -1.427181845120988157e+01
2.222110585903603663e+00 1.658142051739164913e+01
3.271530573181671286e+00 2.967438002295171628e+00
-3.241978208170376519e+00 1.324482642731209125e+01
3.516494831965488288e+00 1.031711504215243025e+01
1.505979145202855563e+01 3.966793703914976987e+00
-2.281336702223960344e+00 -8.147566785747208939e+00
1.494576289121032886e+01 -1.457047710335661606e+00
-3.008966031577777756e-01 1.371174925005782086e+00
-6.984688504772412543e+00 1.021942201011913554e+01
1.393530778428596406e+01 4.864933956188259856e-01
8.134407082588879234e-01 -1.630993144979373355e+01
-6.804039354029940867e+00 -1.442288714995504151e+01
-2.097030394284738364e+00 -1.198890367185631334e+01
-1.022878989900507918e+01 -7.431987944299981663e+00
-8.480629011278809415e+00 6.185758810561917898e+00
7.919401386436035750e-01 -1.094547799021713175e+01
-3.559872142008103424e+00 -7.297492650221022004e+00
-7.952113576354147284e+00 -5.121588051556134502e+00
3.881053031486693783e+00 -1.532695656304890619e+01
-9.419412501905881641e-01 -9.281383270467660651e+00
1.173926481852764425e+01 -1.855121517626223238e+00
-1.045039075441818710e+01 5.623130419439586802e+00
-4.566553385740446558e+00 -1.354039498188125634e+00
-1.576801118423524883e+00 3.080059707795339108e+00
1.165913420279144930e+01 6.074768562672666405e+00
1.007985203422130382e+01 -6.124263802014995761e+00
-7.929305816730902734e+00 4.342278965890514542e+00
-1.475991557991074465e+01 -4.806084040502694776e+00
-6.315228422426820032e+00 -1.775701621373238837e+00
1.265544364152674461e+01 -3.163510472943292129e+00
-5.396519769443212766e+00 9.059894480334868661e+00
-4.863874006968309516e-01 9.548993692956468493e+00
1.493984384424768308e+01 5.646625354038850020e+00
5.092674730598076849e+00 1.024759804987552414e+01
-3.327604747830363863e-01 1.439482351256339143e+01
-2.236351735504717553e+00 4.820725085658757791e+00
-2.629121663785392471e+00 9.419066962829912626e+00
1.066546008055529526e+01 -4.047602334964837567e+00
-6.708964979707992882e+00 6.581809828182834110e+00
1.427543156326704832e+01 8.145614592988117408e+00
-2.988573344195819104e+00 -1.626555399894327181e+01
9.612024292123351188e-01 -3.684051053341869775e+00
-1.357096216934344923e+01 6.051248260092741305e+00
-5.927951096381763207e+00 -6.940941052843424330e+00
-9.222112494877947597e-01 -4.561045140457453684e+00
-1.055773513135807917e+00 5.980842595759259694e+00
-1.173629852226866710e+01 -2.000192599503199276e+00
-4.044030002667806656e+00 1.043403518634143978e+01
7.989668307432626904e+00 5.200218079935172710e+00
-1.310421033196499074e+01 -2.835664207392960989e+00
9.091757871436570326e+00 -1.304738291840660480e+01
5.856573211366260523e+00 1.444747439252045851e+01
-6.436407026167122680e+00 -1.236204668219179226e+01
-7.582323033642330401e+00 1.471249339096421238e+01
-2.770433769565133986e+00 7.491198345541576487e-01
-1.399933147014158763e+01 4.161913767896749050e+00
1.355448536991589492e+01 -8.493964512905352038e+00
3.932369036464123724e+00 -1.347530936912527011e+01
-1.574827500379636547e+01 -2.094538281857730055e+00
-1.411741465558172948e+01 -9.377760907334327101e-01
1.149862843259293754e+01 4.367816183662533547e+00
1.077075567355681329e+01 -1.219893676127718507e+01
1.283339679091660912e+01 7.348145299946811093e+00
2.838362198454618124e-01 -1.419453884916723752e+00
1.501769397363840852e+00 -5.534580757611289314e+00
-5.564380216512411437e+00 1.805901527342125945e+00
-4.278000205530974043e+00 -1.187771788580466747e+01
-1.554054728872800872e+01 4.221854278650425840e+00
-4.875408324357005441e+00 4.227374246025391358e+00
-6.651386480372684318e+00 5.362748876180560842e-01
-1.328251289575322147e+01 1.795302012523361412e+00
-1.045491229392285248e+01 1.194923430178175039e+01
-1.154946444858960319e+01 6.409987394846794473e-01
-7.921373550234067196e+00 -1.267231919207851654e+01
-9.405276902052163379e+00 -2.073217359928319681e+00
4.371469664321551818e+00 4.210276763948719747e+00
1.642968116907317722e+01 2.749860752469317049e+00
1.374488546737598682e+01 -6.408171398480584813e+00
-1.400933247415500915e+01 8.942722564748354586e+00
1.008363438995936434e+01 8.493361717714126513e+00
3.890433787558755796e+00 1.123755758637919655e+00
-2.400600740146726864e+00 -9.699531598783064368e+00
6.992572728848269747e+00 -3.661558628873002874e+00
-1.289023714658402042e+00 1.658357546915406289e+01
-5.399236835940648405e-01 1.121194695223184112e+01
7.967926155408004973e+00 1.201878287235177112e+01
6.667212645660303139e+00 6.413612383375927095e+00
-8.199923376665781305e+00 1.938263408774215435e+00
7.984378227256925697e+00 1.073393324901388723e+00
-1.200065898061929559e+01 -1.080721540331378172e+01
-1.465184458088048913e+01 -3.182057219185370656e+00
1.588693702713316469e+01 -4.278492079926534686e+00
6.523403570496810744e-01 1.284721021820154974e+01
5.146072563111395937e+00 -7.045468289386777272e+00
1.069657799295251621e+01 -9.337035649451193464e+00
2.776898658468503811e+00 1.311704700614482277e+01
6.274819193279096652e+00 1.184996142701281485e+01
5.817374317245224802e+00 -1.203508135793711276e+01
-6.197638421802944109e+00 3.174390349704580672e+00
-1.170144271567135164e+01 -7.758807674546492450e+00
1.887404783760285198e+00 8.229813832505222138e+00
-4.005395335815354230e+00 -1.400362766551499405e+01
8.403061603171302352e+00 3.217547182166949682e+00
1.612691606100958808e+01 -2.785529075055903192e+00
1.603108480394571700e+01 1.944708448166636572e-01
1.076832968418276693e+00 -8.732601995206371370e+00
1.292314290393253629e+01 9.300591916520620117e+00
2.407029634454922018e+00 -1.643491125259949115e+01
4.715706482978507808e+00 1.542923774790727975e+01
-9.809211537948927528e+00 1.678079305682764755e-01
-7.628095446169009364e+00 -1.087058901990897652e+01
-3.061806726950896618e+00 1.642148723136605781e+01
1.462849463365042624e+00 1.416805761397892383e+01
-1.189281116977981512e+01 4.134625698411639405e+00
3.986647486712733723e+00 -9.336519105223679560e-01
1.420486159709042795e+00 -1.461819682869683135e+01
-1.645180866755575977e+01 2.275622523381741757e+00
-2.699251070289852450e+00 1.139234028114643849e+01
1.070778654918943218e+01 -7.515688406746578565e+00
-9.196238046181282044e+00 -3.643939235783800967e+00
-9.019396272359880840e+00 9.893802708507458021e+00
-1.118251413657981885e+01 -5.960154744219392953e+00
-5.197038571606535484e+00 7.299329264015579355e+00
5.862068094030799870e+00 7.853216754957237811e+00
-1.098228731524679347e+01 2.145869808356366093e+00
-1.316506757627866797e+01 2.250903895670326449e-01
5.585710510528773654e+00 -6.031627605287930294e-01
4.192058203742323741e+00 1.169620177297020902e+01
-3.887248585952647773e+00 8.503334508384309487e+00
4.370066206072134918e+00 -8.524607373183098247e+00
1.055157562752703981e+01 3.145933267877445871e+00
-1.032727945359645361e+01 8.537016975205833802e+00
-3.817936308996857875e+00 -5.149973375805473097e+00
7.855429698988167786e-01 2.418947077156751391e+00
1.270650343505016622e+01 -4.094905019458678908e-01
-7.987090534051706214e+00 -1.444863476408606573e+00
1.311435480269698672e+01 5.145685490853086463e+00
5.129459324481185689e+00 -4.149838527520188336e+00
-1.301533375732033448e+01 7.589789418780867436e+00
-1.530971137714858266e+01 -6.724810491649341415e+00
-6.493129097939711158e+00 5.085802122432731665e+00
8.194926358818442225e+00 -1.441114467702757551e+01
-2.578526064479436997e+00 -1.351107742780338938e+01
3.548548805244291060e+00 8.467231260249846514e+00
-8.564088889733092458e-01 -1.657477150005628630e+01
-7.010892621719294837e+00 8.609791471074949243e+00
1.158072160112073590e+00 5.441056701910024884e+00
3.504447951397818173e+00 -6.746173149477668218e+00
-7.151869855320708069e+00 1.325611273141342394e+01
-6.767323647895793215e-01 -2.975278408830726917e+00
-9.970374515626016176e+00 -1.315493823525299710e+01
1.428551472693612823e+01 2.352260313004407521e+00
1.207401406354630780e+01 -8.242651314663385520e+00
2.771311128518068045e+00 -1.112238285496827572e+01
1.665280415042920481e+01 -1.183915248043629020e+00
-1.203695697470495141e+01 5.846326066159384993e+00
1.212798178257494897e+01 -1.154379506008372758e+01
-4.183073320118648297e+00 -2.902576238557706745e+00
7.424745894143793379e+00 -9.073732943945948648e+00
8.437527183136506181e+00 9.012105194136118769e+00
-4.736213767702487587e+00 1.301948433545732797e+01
5.125658202706986799e+00 2.624113156252285251e+00
