# Antenna elements layout
# Station label: stn.216.C216
# Number of antennas: 256
# Station diameter: 35.00 [m]
# Antenna minimum separation: 1.50 [m]
# X[m]  Y[m]
5.715599980587530382e+00 3.254048413223419089e+00
4.699309531199240553e+00 -6.951599964838818480e+00
1.045163346194433629e+01 -1.043370782176160461e+01
1.633716743082070622e+01 -2.069605102069822067e+00
1.097235310332250435e+01 4.632935216682998458e+00
1.163158766373810593e+01 -5.088915995734055286e+00
5.036955809683476559e+00 8.009733109859869415e+00
-3.429047589636011750e+00 1.628100625251158107e+01
1.004515587177787239e+01 1.490452837914730821e-01
-9.479727863627253726e+00 7.436876364845705467e+00
1.362433766564065962e+01 -7.295453815162215250e+00
1.027478586719079345e+01 -3.421080693411560958e+00
5.072048377649110762e+00 1.222434849407513013e+00
-1.598834274370496189e+01 3.918856462649717542e+00
4.446152942223939419e+00 1.250893142749226072e+01
-1.572720742198784905e+01 -4.359556182303501615e+00
2.157671801309287929e+00 -1.588113054915559097e+01
-7.155976429900508862e+00 -9.693341839875344590e-01
1.968957783385281601e+00 4.759072954125269206e+00
-1.054227697403003816e+00 2.128051296553440608e+00
-2.141642271816245113e+00 3.242274776843750317e+00
8.350873877082882757e-01 3.219828557518564338e+00
1.345291462781668912e+01 3.421115057099921586e+00
1.489114348851136782e+01 1.585286757775005384e+00
3.918958313248658953e+00 1.532990204160008574e+01
-5.101872312552092836e+00 1.115214814297270607e+01
-1.102471572437782932e+01 -7.192379472629422565e+00
7.047200148114956875e+00 6.286734852490912573e+00
-2.440174105170436647e+00 8.467701848135234854e+00
-4.258613992200636744e+00 -5.247360922482103618e+00
1.091151604387228247e+01 2.441983685066464460e+00
-3.614672557156204391e-01 -1.240657151889462817e+01
8.251400485725476130e+00 1.138833877395619609e+01
8.007984262710309054e+00 -1.329786673481061854e+01
7.901361538034986864e+00 -3.698063635637192093e+00
6.434331106706451919e+00 1.411749534520464167e+01
1.130377279306893001e+01 6.910634736544981394e+00
-1.525884502206554494e+01 -5.458640538166825706e-01
1.515983867342728786e+01 -3.660998173745216633e+00
-1.284118755543360280e+01 8.120353071516074550e+00
8.687875468579459692e+00 -2.195372161960918334e+00
6.950667038952293098e+00 9.475615977385388078e+00
-2.577154031803239320e-01 4.973606250122990957e+00
9.733573937944694165e+00 7.328207996864438911e+00
-1.297501710810152353e+01 -5.601945439205803012e+00
1.540238550876289025e+01 -6.850169670845538406e-01
-8.964167032048921513e+00 1.141943542619080532e+01
-7.502014733486989329e+00 4.935178054244161672e+00
-1.229856900958156096e+01 5.777413255958663285e+00
-9.391010664267993135e+00 -5.794626581607232652e+00
-1.398545347576006392e+01 -2.569540973640355830e+00
-5.682977788963114563e+00 3.315739916467656201e+00
7.587224120438580854e+00 3.216802390899353270e+00
-4.201584951505902055e+00 -1.122101532348576214e+01
1.417244297505725115e+01 6.274174828025433470e+00
-1.422398552168130692e+01 -8.467371980898462880e+00
3.373606255320680702e+00 -1.103663181649091385e+01
-6.369981162596843660e+00 -1.061086577719065716e+01
1.406502920227167763e+01 -4.779124093187432365e+00
3.681625569336475223e+00 -1.726446960789177254e+00
-6.927778040576169971e+00 1.210510125793388880e+01
6.347833904297878860e+00 -1.297027790257189395e+01
-2.319029519072932644e+00 -7.404742548811386271e+00
-9.323224309540123045e+00 2.061565652049779374e-02
-1.800777030720555061e+00 -1.644525023651017648e+01
3.068223889632591295e+00 1.595176335341225382e+00
2.271141703061967831e+00 -1.291613912233636796e+01
3.076542380197544446e-01 9.694624891461344873e+00
1.037743255010201793e+01 -6.717922156035349701e+00
1.546281087213575489e+00 -6.969666868176339847e+00
-1.217942830044635372e+01 -8.689952291701654730e+00
1.309176768448164907e+01 7.116721767320797198e-01
1.899509024806711466e+00 1.010129281766890585e+01
-6.625898151185275253e+00 6.644814420899425755e+00
-1.836905561007160514e+00 5.551018691030044749e+00
-2.516296884395961442e+00 -2.655440974855631353e+00
8.750766338946142753e+00 -1.035928670957135722e+01
-1.110434168171914493e+01 8.080095758366457659e+00
6.509315334358944938e-02 1.355922717138345135e+01
-7.031189626780728119e+00 -8.520746617900908149e+00
-4.310672788187808635e+00 8.486083960491896505e+00
-7.414907934855428095e-01 -4.271261587232343615e+00
1.430597657606590190e+00 -3.350572441226393750e+00
1.214214184429199506e+01 -3.069290454927767087e+00
-1.034894857131995138e+00 -1.623088785531756173e+00
6.296034566586250492e-01 1.657383230295620535e+01
-9.476802367944827665e-01 -6.207844582067778560e-02
-5.059541781613702938e+00 5.106429280779856583e+00
-1.371122290355229545e+01 1.674201739217728857e-01
-4.423602718199594719e+00 -9.516032012013674546e+00
-7.501442642284807505e+00 1.438349061299621923e+01
-9.777430838735579499e+00 2.632487529925544578e+00
2.087711359125883348e+00 8.042731481524366899e+00
-1.845477964573152718e+00 -1.178389927738366616e+01
-5.906204981550121857e+00 -2.205145401804543326e+00
-7.863679574914206327e+00 7.910411423091385785e+00
-3.637526429212567081e+00 2.440905573693896713e+00
3.996169979283067164e+00 -1.543589584158819683e+01
-1.058788821563102012e+01 -1.016138309080619351e+01
5.010680401727132249e+00 -4.690840484919757358e+00
-5.642477741648296075e+00 -3.818253348549482951e-01
1.230857678624800400e+01 -1.120413363097561898e+01
4.088526544507754323e+00 1.076203875289707312e+01
4.885571363850363724e+00 -1.084704384146554546e+01
3.337469402519630535e-01 -1.568414323646313591e+01
-9.622508096210886208e+00 9.698559444459036172e+00
-1.526833178860098883e+01 -6.024026437421523994e+00
-9.411876574085143332e+00 4.359959776281055355e+00
9.297276781110348054e+00 -1.214763901021939319e+01
-1.050041013117374078e+01 1.127587480059954927e+01
7.112207112102314710e+00 -5.104174418403022884e+00
-1.508621708787184801e+01 1.016961483454728921e+00
-1.334989106697151762e+01 1.623908673955540394e+00
-3.778248127268852841e-01 1.136656038958038195e+01
-4.996301488984959960e+00 -6.738787616774871481e+00
-9.212149411262650744e+00 1.345845653596179403e+01
6.321807552554417953e+00 -9.940086489571164918e+00
-1.393726334122761301e+01 5.860346505136927675e+00
-3.300408026734228173e+00 -1.448112441219831936e+01
9.443463670193040116e+00 2.041143412888761333e+00
-1.889835435302750000e+00 1.464252521407824759e+01
1.213208720418019126e+01 -8.281108499817790403e+00
7.394107895933821339e-01 -9.069899869647777280e+00
9.326923461437054641e+00 9.858068754929536937e+00
-1.106469731214868446e+01 5.280193521123983658e-01
-3.417688935873178124e+00 1.282458438230210263e+01
-5.217645003371664814e-01 7.197641377492303150e+00
3.892759740308456173e+00 -1.388452594138287211e+01
-7.131895001861403571e+00 -6.545728330735720135e+00
1.233798226106756601e+00 1.198875515292556670e+01
3.616490651699685088e+00 5.064056633674542951e+00
6.819638171317002673e+00 -2.620620177644420679e+00
-4.238358150915605194e+00 -1.574013142692153266e+01
6.356109873010034050e+00 1.148159634246335870e+01
3.458214411887716722e-01 -5.798881595468882821e+00
1.154782385144746470e+01 5.792434405371693629e-04
1.290630210958163104e+01 9.835769145786997569e+00
4.187418392953787816e-01 -1.393549996325891982e+01
1.233062127109498363e+00 -7.873679848365178202e-01
-1.331015223919516544e+01 9.593402355883320354e+00
-1.122210934575050345e+01 -1.311662776775015971e+00
-1.095444206631257877e+01 -3.749391405779135766e+00
8.059290558513541924e+00 -1.542801897272667588e-01
-1.035633808949978274e+01 -1.289325207091465586e+01
9.276504057868002917e+00 1.367468516685929458e+01
-8.328447889171512131e+00 1.506737395998033691e+00
1.566109375649233471e+01 4.559844904613427730e+00
3.629613740325211779e+00 -3.679597137498944903e+00
1.711229393088210315e+00 1.509778064119461760e+01
-8.757622384966227358e+00 -1.753340578091602708e+00
-1.002444344632969830e+00 -1.499913804768568504e+01
3.868960030106560311e+00 3.264815618735504188e+00
-3.070953433360502416e+00 1.006077440454259175e+00
-8.030055089675755653e+00 -1.099336568587925100e+01
-5.431680442758342053e-01 -8.195908940568164880e+00
5.523693508996338153e+00 5.356929707311550715e+00
-8.076915883591089695e+00 -3.906312064698786557e+00
-3.286919445939835427e+00 4.592547961025420733e+00
8.197359981958754815e+00 8.000049543925733531e+00
1.384222830911878077e+01 -1.598445609030813230e+00
-1.434136161070218662e+01 8.001756527578599787e+00
6.498342646977501857e+00 -2.644099820066543316e-01
1.555221208340923056e+01 -6.096955427314197706e+00
-1.308496803603459036e+01 3.955597689607269984e+00
8.675219360527979262e+00 -7.628322468556056890e+00
-1.011773509826507933e+01 -2.442400177876946188e+00
9.996344556817398086e-01 -1.174651317369920633e+01
4.128377099834533936e+00 6.780672906189909810e+00
-6.764211520429471491e+00 -1.396376653042407767e+01
-1.159952081150300884e+01 3.580358236107585412e+00
5.221522456181478589e+00 -8.792756436925625252e+00
1.291746838201682479e+01 -9.648574971777676978e+00
-6.843368833165367704e+00 5.693076548579405483e-01
9.491894599467411098e+00 -8.929722879008203051e+00
-1.175204392576847745e+01 1.889602903045776827e+00
7.027534664636785777e+00 -1.517267132059357593e+01
-4.106431191433861372e+00 -2.940529236199733276e+00
-1.660807191118323800e+01 7.502616100425285595e-01
-1.220196373341011054e+01 -1.132060410983332055e+01
-2.505017138918004704e+00 -1.013532456544332661e+01
-1.645325367910357883e+00 1.026501373221592672e+01
9.153527963893775876e+00 -4.752081531798522107e+00
2.637141296557452108e+00 -8.869659161486545429e+00
-1.032716216281406041e+01 5.818728512768469585e+00
-2.552085939905836653e+00 -9.339497916530703492e-01
2.449315289062973022e+00 -4.987588362133191566e+00
2.613350189662071443e-01 1.061756271706165933e+00
-5.146163407374537258e+00 1.684860612281891434e+00
7.207284618209953919e+00 -7.010528321748191516e+00
-8.508454366286963833e+00 -1.349674671475581889e+01
-5.299023509894730921e+00 -1.454943653063814502e+01
-6.136233018561657815e+00 -4.332379740956490366e+00
-4.747133108519733469e+00 6.868641774339817374e+00
1.056534111832307232e+01 1.086863896543143326e+01
-9.511291583749695633e+00 -8.353294739856503170e+00
1.628946551557962152e+01 2.365868892477401175e+00
-7.718721846723616054e+00 1.033328087382513871e+01
-1.521012314076617855e+00 1.660344606475464246e+01
-5.529950112927831896e+00 -1.212193276440430445e+01
-4.345668865728860908e+00 1.403154854947447561e+01
1.088380491014219587e+01 9.014250661863773217e+00
1.219579631327190583e+01 8.160564010557063597e+00
8.803914009092046911e+00 5.044084650201085651e+00
-1.330802886723696155e+01 -9.728967069706584425e+00
6.958761480209464168e+00 -8.542676726221687389e+00
-2.661444085133139126e+00 -4.989203571172955876e+00
-5.437952529049454142e+00 1.566377398731095383e+01
-1.157353462402461730e+00 -5.880939989277733204e+00
2.734486805262967835e+00 1.364515525335346524e+01
-1.301603903908105409e+01 -7.367026854845031281e+00
-9.250905057953211497e-01 8.802680092052401761e+00
-1.548570996020192325e+00 1.279735585015581023e+01
-4.006939368730211726e+00 -1.274206544970945920e+01
9.937781035834625243e-01 6.534735353339154784e+00
-1.292475621659962215e+01 -1.376492049913565552e+00
-1.247666067241606314e+01 -3.094593196326888673e+00
6.578494523464293309e+00 1.338726056257677044e+00
5.230507678890706558e+00 -1.309422441342434240e+00
-7.375638246486058591e+00 3.241617831766053115e+00
-5.869008991699647737e+00 8.298777063209968219e+00
-1.638683790897761483e+01 -2.703351075174593277e+00
-8.397705744832437702e+00 -9.461700938966725261e+00
1.016608195808902693e+01 -1.834446689969954747e+00
2.835863959930698286e+00 1.191533840382074416e+01
-3.008810819603016995e+00 1.114633059296949824e+01
3.844425375284789226e+00 9.162012595565549589e+00
-8.465656218708907943e-01 -1.024541830313157220e+01
7.221366827360284901e+00 -1.117033359755930633e+01
-4.031707123187347364e+00 -4.331740424492807051e-01
3.087673494164477006e+00 -7.224984801139298085e+00
-1.733145309661280109e+00 -1.335043318484954966e+01
2.712950683308285704e+00 1.630417359540659561e+01
-1.630838816120038715e+01 2.432194854321661381e+00
4.043110428382629351e+00 8.050225118725862217e-02
1.660273938673331884e+01 6.844307749758655746e-01
6.843317577825931863e+00 4.600349521130898012e+00
-1.460841436487119971e+01 2.653067051999990156e+00
-2.166261678116399025e-02 -2.883779809625474755e+00
-1.232538284927913708e+01 1.117845386015708797e+01
1.284606893212131595e+01 -5.997121810991993485e+00
-3.107587913029036031e+00 6.658868256377758144e+00
1.854469295631080428e+00 -1.016746288510883645e+01
1.253496618861849043e+01 5.617438090979135268e+00
5.572254225168254749e+00 1.557596547312385837e+01
-1.576484867439956616e+01 5.586384229989210581e+00
4.929603015373462682e+00 1.413108166728308746e+01
-1.381010763804683705e+01 -4.299466921330104441e+00
4.828345765479085117e+00 -1.246007501765492975e+01
7.662087314611390809e+00 1.292961142849605594e+01
1.086581673480096910e+01 -1.194659252636725810e+01
-5.511196288323514381e+00 -8.278304996011423000e+00
-3.741086305026248837e+00 -8.164430873500784003e+00
5.384045649272369616e+00 9.927236513068656620e+00
-3.382063881282846296e-01 1.508382088571269009e+01
-1.146169784173603290e+01 -5.246125915185338329e+00
6.552510376059931474e+00 8.019697199075274341e+00
