# Antenna elements layout
# Station label: stn.103.C103
# Number of antennas: 256
# Station diameter: 35.00 [m]
# Antenna minimum separation: 1.50 [m]
# X[m]  Y[m]
-1.218789899348729477e+01 -4.771952313729672213e+00
8.033313928327171283e+00 -7.055344882064241929e+00
-6.273092946751074095e+00 -1.222729292482186025e+01
1.417456770935984878e+00 -2.381232393096794908e-01
4.346752462319734889e+00 7.084327766235666957e+00
8.209622594031838361e+00 -1.074145780775176107e+01
4.533171082367040583e+00 1.405235447628854217e+01
-2.486992082742380816e+00 5.125002849598498500e+00
-4.549391135896556193e+00 -1.288833172858363341e+01
1.137614192100169674e+01 9.829829357870575990e+00
-8.550727644549871442e+00 4.787281725500033502e+00
1.312142314365464202e+01 -9.024450584434191569e+00
-9.404237693526880548e+00 -8.526559193912756740e+00
-1.918677703275767144e+00 -5.747918625422453687e+00
-1.373439260840751075e+01 2.575846710931351424e+00
1.550490156155409949e+01 -1.936947582552363656e+00
-7.205421505762620527e+00 9.450841895953505656e+00
-8.132439302328968722e+00 -3.954833019185988618e+00
5.023012428818589115e+00 -1.547125648762822081e+01
-7.268091153715211306e+00 3.875961388918678807e+00
-2.379711257601966778e+00 -8.490117838759472235e+00
4.857184706131668861e+00 -9.720384821834169742e+00
1.286806220242248244e+01 8.529458479527729509e+00
-6.468605579034942821e-01 6.854962144733487861e+00
-2.581651527035822014e+00 -1.001543330381660724e+01
8.244486842072294763e+00 -4.309255279495069146e+00
8.262528801533417067e+00 2.558939537374261164e+00
9.629415164906877322e+00 -2.288410215165498585e+00
1.983365990598869644e+00 1.324689063106103859e+01
2.476369083914669034e+00 1.549402326913212846e+01
-4.857897619598151806e+00 8.468023987385066675e+00
7.490918279524496626e+00 2.559044021331153829e-01
1.321616956736086834e+01 -1.612449309724766522e+00
7.840044855868704587e+00 1.309721003963985808e+01
-3.921656775100576198e+00 -3.573062948672390604e+00
-6.001768173042105303e+00 1.348487444651108547e+01
-1.185391811543737006e+01 -6.784893147636989141e+00
1.453896522744513220e+01 2.484892091900192668e+00
-5.754891954748130090e+00 -7.097620089292767886e+00
-8.784796848358798371e+00 7.143980834397947177e+00
-9.711761789196685868e+00 3.442405531018835063e+00
4.122960995337582091e+00 -1.532972673019743937e+00
4.508502411596303716e+00 -1.360356986935735435e+01
-1.050032156248740733e+01 1.299762055894127499e+01
5.418347378637477618e+00 2.858302937734997329e+00
-3.650674243057828505e+00 -6.505400550777821422e+00
1.030012324810854807e+01 5.464142459593542611e+00
-8.292772595672023073e+00 1.321409055620668482e+01
-1.358720258164628625e+01 6.521451890298429532e+00
6.068083220855687188e+00 7.053912999700060027e+00
-7.052955456080795216e+00 -3.685694033505555467e-01
-1.331792573124544532e+01 -7.327814227392467572e+00
5.646027705760158000e+00 5.184761082946526045e+00
-8.505463165958021321e+00 1.301370211560382018e+00
-2.242716913750077978e+00 7.280387180758502552e+00
-1.308530104464312416e+01 -9.000336608984540021e+00
-1.014270650622664149e+01 -1.279816011831474398e+01
3.347311922264047723e+00 -5.139100673793375762e+00
6.534493392556868230e+00 -7.978753613188485971e+00
-4.554356301525778861e+00 5.598268518560978180e-01
1.558979778749247203e+01 -5.206602944813404577e+00
3.392912380029837749e+00 8.918394998163844178e+00
-1.049674652616384662e+01 -1.070509066923710151e+01
7.833854903398190572e+00 -1.242363723940182041e+01
-3.652643037272467197e+00 1.345621405693776040e+01
-1.204954993630334315e+00 1.224423840844177036e+01
3.360978640050404920e+00 -1.629469593681963602e+01
-9.167704131964967473e+00 1.104499434550165660e+01
-1.161868532135387611e+01 -9.672735930958635819e+00
-1.051321746261766421e+01 5.912923766630967748e+00
-1.202587165951576509e+01 2.440378251890820138e+00
7.906585153392303056e+00 9.565143458060365589e+00
-8.760818984755522010e+00 -5.602855956276261651e+00
1.084863762620625494e+01 -2.733268959882693139e-01
-1.181293357483285078e+01 1.429802908379720350e-01
-7.606256270775254791e+00 -1.345113860384393689e+01
-4.904049853047808938e+00 -1.750202944777578651e+00
-2.995100920095367769e+00 1.209659916135762714e+01
4.757369217240775328e+00 -1.193004311837452747e+01
1.076823176455541997e+01 -5.816564205868408166e+00
-1.085818878481585514e+01 1.017034344529604084e+01
-4.196821566086525124e+00 4.121117865527473612e+00
1.220619695562029250e+01 3.738182245679499971e+00
4.875481444667205011e+00 -4.909680393731896686e+00
-2.609430054000121402e-01 1.030743269673024898e+01
5.069457641282966165e+00 1.578350663656743080e+01
-9.678258615021887223e+00 -3.529107951260863629e+00
-4.496319403677730975e-01 1.622566590350064075e+01
-2.328328418768238706e+00 -1.155817621310697163e+01
1.267606139710077429e+01 -4.710673530688650246e+00
2.129664602200211476e+00 1.187449888193938818e+00
9.410605387066901528e-01 7.975615684228923641e+00
1.096640528405923476e+01 -8.579719851141025089e+00
-1.313505123670597108e+01 4.444759931570715139e+00
-1.043386704625863892e+01 -1.576470266793510433e+00
-1.634445921621817632e+01 -1.100077110309861439e+00
1.949265473812644700e+00 -1.478132110080092865e+01
-6.979800717190533632e+00 1.613519344551754386e+00
-1.230378932666258152e+01 -1.129900540174809009e+01
-2.067102661228155114e-01 1.261524303148654269e+00
6.119724771201283886e+00 1.092510026151380487e+00
1.356598463305782687e+01 5.998325274554819231e+00
1.528586618753227100e+01 -1.007428486347272667e-01
-1.235716664596389691e+01 1.129084509728399510e+01
-1.568776593384542650e+01 5.018734237012115074e+00
6.674026309661265088e-01 -2.874256984335874066e+00
1.444975980855940634e+01 7.815243934421893357e+00
-1.547371426133803851e+01 -2.326189717136511348e+00
9.400473601001365864e+00 4.013386130281073605e+00
-1.190561238798999355e+01 -2.934132325431461297e+00
2.956321136187689547e-01 3.750932221080020668e+00
6.693506011627221142e+00 1.210494770438275580e+01
3.416276450765646899e+00 4.136695564386734247e-01
6.092518285001215617e+00 -1.418586220313371449e+01
-1.361351574488020333e+01 -4.072629758736768579e+00
-7.934049460768200390e+00 -1.110907683583500827e+01
3.196798609686414494e+00 1.097914176251608609e+01
-1.408718325026168472e+01 4.703930841430050691e-01
-5.451392415808747671e+00 1.115864032849927412e+01
8.562075447800037153e+00 1.135851873299270309e+01
2.786231611207259817e+00 -1.227185508365724331e+01
5.410771507949888814e+00 1.016250770950475157e+01
5.369340188919512258e+00 -3.375910701726260399e+00
2.511165403879740410e+00 5.172212714889745655e+00
4.287116259140141494e+00 -7.904398977605836762e+00
1.242311428899618519e+01 -7.316553113248550844e+00
3.361777881052567807e-01 -1.349756194161034983e+00
-6.332164436477658143e+00 5.291573065509375340e+00
-2.849200223208042004e+00 1.530846168503714466e+01
1.000374629846198005e+01 -1.047550019639426466e+01
-2.137285475557868963e+00 9.153667043054241503e+00
1.397343949432831423e+01 -3.627229002809048808e+00
1.268060503973799769e+00 -7.782501221140766035e+00
1.632698764261508728e+00 -4.524863954433564928e+00
3.210396800874764978e+00 -9.337699364868747409e+00
-5.364760955163120570e+00 1.526268772350116620e+01
2.196350949435661448e-01 -5.380758954299482255e+00
-1.330729510447992681e+01 8.021236471720474270e+00
-1.970333395523633513e+00 6.038292242553922051e-01
-1.562403635150140246e+01 2.141727457429848158e+00
1.289299366299474059e+00 -1.060381998424375638e+01
1.295996753393568923e+01 1.618525609795099740e+00
1.047707948559312285e+01 1.889018330393717804e+00
-2.320422753058219101e+00 -1.444512701673215105e+00
1.526244368792514905e+00 1.111463241787035372e+01
-4.588309429645372362e+00 6.301602446716973560e+00
7.278609811273700103e+00 5.487397698684695513e+00
8.192439459544004876e+00 -1.586311722281624981e+00
-6.711919067066592248e+00 -1.010023251978472913e+01
-4.413606340307659082e+00 -7.880166113826586383e+00
1.424373719671961780e+01 -6.004264388901813021e+00
-8.606403780128433212e+00 8.675654501160508403e+00
-6.258096702446389159e+00 -3.036638537902149437e+00
6.649931490454292771e-01 -1.355675863071369314e+01
-4.279313117300084457e+00 -5.098751736828043946e+00
1.048918132186995678e+01 1.141761117546064952e+01
9.465200861141678246e+00 3.414169824488482163e-01
1.239967101536612404e+01 1.095950140258924321e+01
-2.464643068506120471e-01 -8.056224432809148794e+00
-2.218313251024616406e+00 -1.426463023113283946e+01
-9.495894375449189795e-01 -2.877773944125193495e+00
-1.572402777093820703e+01 -5.161438466331771835e+00
8.566814781456507433e+00 8.041294618277412098e+00
1.079998123947292044e+01 -1.190290511381473948e+01
-5.861079616948408955e+00 -1.551412127429124510e+01
-1.193011496052992726e+00 1.404709620043504970e+01
-1.033667386005040356e+01 -5.262778129609218425e+00
-1.157826492455516387e+01 7.370807800531295584e+00
6.720342521976895966e+00 -4.869668532439229480e+00
1.426560095318232158e+01 4.567122054863734348e+00
2.651061385493370892e+00 -6.688999610591976008e+00
1.648375254534460765e+01 2.204694752515379719e+00
1.185156935017803548e+01 -1.062458446930458500e+01
-5.952744787843542440e-01 -1.219752901393990108e+01
-8.369263615893940411e+00 -1.429184052524217208e+00
-1.422231132354440497e+01 -1.177716742324932397e+00
5.772127793176657917e+00 -6.875858732370403459e-01
-2.268380981665384155e+00 -4.165335500888861731e+00
6.440444600818914012e+00 1.470815854462863115e+01
-1.934455351842952808e+00 3.045620502275767194e+00
-1.632067407576355933e+00 -1.595994413432151937e+01
6.748457681534354435e-01 1.519471017294604565e+01
8.154020762900309194e-01 -1.630824417086063249e+01
-5.976519812868007264e+00 -8.581904951353010347e+00
-1.216760078882016316e+01 5.702537997199407016e+00
-3.178105646454797650e+00 -1.611575337026398458e+01
-1.669815312865617329e+01 6.315236304096210063e-01
7.702120582867877374e+00 -1.396795049515318610e+01
3.528694299422241443e+00 2.132876125761416830e+00
-1.331297997099806452e+01 -5.809640929862382563e+00
2.488313656717554778e+00 7.677874663051333926e+00
1.097449223695618059e+01 -3.884586791451782872e+00
6.839327970827717706e+00 -9.541891264212139845e+00
-9.381157424799788203e+00 -7.726650375481369792e-03
-1.291362850714536670e+01 9.708606667276143298e+00
7.811883603585911828e-02 5.523413986326730196e+00
-1.504670678759830338e+01 -7.002051070362272256e+00
-5.949038730721305512e+00 2.813864942753653509e+00
1.994640194276517065e+00 9.467080025077851957e+00
-7.693617596984370977e+00 -7.707217346169915828e+00
-3.607399711450057112e+00 1.839999568860090307e+00
-6.949133310273975184e+00 7.474528343319803980e+00
1.541600724614750106e+01 6.237603051665416842e+00
-7.194293555117008410e+00 1.488490254954968606e+01
-3.727666359963791365e+00 9.658148039949583818e+00
1.039163426600415718e+01 7.266127303703687090e+00
2.615808131325181307e+00 -2.917054092636535145e+00
9.876270297037230250e+00 -1.329220096824453634e+01
4.553399749179526168e+00 1.191256114520130893e+01
-4.439285615302308585e+00 -1.120555997213708466e+01
1.627320462557926106e+01 -3.770682411943322876e+00
1.987032867971940675e-01 1.295343907768623026e+01
-1.481619480237284847e+01 3.646001547846623225e+00
-5.874789750993208770e+00 -4.770934040202686077e+00
8.239605618813097720e+00 -8.559199950502764054e+00
6.480319007010304944e+00 -1.137323399901863752e+01
-2.174230034025349312e+00 1.069725689035067617e+01
1.263344559455642724e+00 2.435766030665437398e+00
9.839139033208063267e+00 1.337333087081400862e+01
9.224025364367918201e+00 -6.000394956918906786e+00
-7.650753293130314603e-01 -9.626355246538375710e+00
-1.103313985362394334e+00 4.498122771890919580e+00
1.146863635194786823e+01 -2.089198249706033295e+00
6.888155337171149029e+00 3.300132005581694727e+00
1.195611511116767645e+01 7.060185280250841799e+00
4.069594788874191238e+00 4.483020623191460885e+00
7.119316687589762438e+00 -3.275453640961808688e+00
9.896608096259861043e+00 8.743784336255313150e+00
8.851265221929068616e+00 6.436543705092585554e+00
-9.285867132285119396e-01 -5.042714762597206857e-01
-1.261418096270387323e+01 -1.248715155179478842e+00
1.578694191225865495e+01 3.586875089957057838e+00
-4.852963267799772495e-01 -1.491988315765872208e+01
1.415100786394161858e+01 -7.568102308070747242e+00
2.563814604471350123e+00 3.492549989339394756e+00
-9.812802612315216777e+00 -7.007344914251017798e+00
1.669822717632422382e+01 5.210705536647459724e-01
-4.111653139696338499e+00 -1.455474888533628608e+01
-6.965857561671034759e+00 1.188030262749207466e+01
6.251206083929041313e+00 8.587834806238500818e+00
-1.153060960256394374e+01 4.057570068761986448e+00
1.522393506249194672e+00 6.525995019268485464e+00
-8.029360627181597820e+00 -9.376701717323379981e+00
-4.407020758251753989e-01 8.603951371728090436e+00
1.216616736111533825e+01 5.302276013745277794e+00
5.424150777881127539e+00 -6.330926036123042167e+00
3.430406597580244465e+00 -1.089096501102566705e+01
1.394394062428396808e+00 1.660848125492888983e+01
-1.038315178000806327e+01 1.136580718293132009e+00
1.317038588568059509e+01 -5.037851682276794918e-02
-1.024750596438269312e+01 8.323016000683903570e+00
-1.101677454845993864e+01 -8.109907950204870986e+00
9.531352750705440968e+00 -7.793932629884407604e+00
-4.202274157454144898e+00 -9.441706805450078122e+00
-6.844600536423447679e+00 -6.031982370860781373e+00
-6.164745060517297759e+00 -1.394295011209992552e+01
