# Antenna elements layout
# Station label: stn.214.C214
# Number of antennas: 256
# Station diameter: 35.00 [m]
# Antenna minimum separation: 1.50 [m]
# X[m]  Y[m]
-5.533512060376907016e+00 -8.363511213418927781e+00
5.262387174311701443e+00 -1.082192410947318528e+01
1.271831703383011103e+00 1.040340344670310557e+01
4.038332736491625496e-01 1.498224006537770236e+01
-1.097103339871888750e+01 -9.074889975568716238e-01
1.196859606453010016e+01 -5.729445915932535272e+00
-1.088251367088094845e+01 7.081897290321556682e+00
5.569000528435921638e+00 -1.315663252909159198e+01
2.853373675766643913e+00 -1.301283438225112121e+01
2.332416847413089300e+00 -1.153858711488506472e+01
-6.571610022732146561e+00 -2.267899928155225453e+00
1.029454079909744380e+01 -8.026000440415703707e+00
1.515109806188326047e+01 -2.650652758186451408e+00
1.198525996491272494e+01 1.089896709630457394e+01
-5.657645100987672038e+00 1.233974144688685826e+01
9.096259469565200817e+00 -9.062065615282389075e+00
4.871275922325473573e+00 -3.301511388112325918e+00
-7.759642925794505430e+00 4.229954836086690761e+00
-1.032307147501388123e+01 -1.291368808955088987e+01
-1.017034283845929465e+01 8.694490828421145068e+00
9.178983390958272537e+00 4.586368189496070613e+00
1.402822398093174527e+01 -1.082973759876836084e+00
-1.575087341505001071e+01 -4.871531374457125807e+00
-1.000673751817413049e+01 -5.338166668184550545e+00
-1.476300733480940863e+01 5.530266863741349681e+00
-1.174474522763293649e+01 -9.323560917890349131e+00
-1.229435753160383626e+01 -1.877243866497835256e+00
1.165243564440608992e+01 -9.941957022919872600e+00
-1.394519465927762525e+01 -6.283858230084572227e+00
1.345063236818440089e+00 -7.445784983593597417e-01
-4.472692669815252486e-01 -7.214046754929901439e+00
2.292086180169654597e-01 3.528452945999987378e+00
-1.160811162309848044e+00 -3.706269364980389724e+00
-8.633889704610959726e+00 -1.350388195744772979e+01
3.321787971526525496e+00 3.061903996222248736e+00
-8.247660285101787281e+00 -1.588069635831761417e+00
1.154475304288684612e+00 -1.615805097961971626e+01
1.539935669171453725e+01 2.331778877426902596e+00
-1.030547579186823270e+00 7.283134872563042705e+00
3.419632063543950551e+00 -8.432793125301758508e+00
4.441947813969154168e+00 1.006500384075327759e+01
-3.641380715220639885e+00 1.308694444163431569e+01
-1.105718489983196662e+00 -1.401117203698987268e+01
-1.135901091111319161e+01 -1.159234981428277322e+01
1.039556824272374058e+00 1.212789627336330156e+01
-4.446758993688050055e+00 9.520765476855032716e+00
3.888443294284162022e+00 7.649314997121841486e+00
1.056154610239732605e+01 -4.967948730963845705e+00
1.151431924004400997e+01 3.650459454813166360e+00
-3.664522616408707023e+00 -9.160971341258017375e+00
4.247009273015450503e+00 -6.745159452148106638e+00
1.327852608032218740e+01 2.735285182755774258e+00
-8.136732806033444731e+00 -7.698584614933709602e+00
2.327512635886719750e+00 -5.505662924243816647e+00
-2.250057500903848151e+00 -1.633936800087524688e+01
2.699247965659839821e+00 1.914903194593833291e-01
9.189064431628604979e+00 -1.094447481283898505e+01
5.325969530598282375e+00 -1.740040672855426962e+00
7.490211902575065750e+00 2.502032511723744079e+00
1.021728414055638368e+01 1.132859959670258831e+01
-1.305695899017109696e+00 -1.032773053780968908e+01
8.257620590936380012e+00 -7.143549809942518536e+00
-9.552395845162280352e-01 1.217914211553065584e+01
-3.587495452762182069e+00 -3.683133706016711528e+00
2.312017210936406997e+00 8.650341491699865770e+00
-1.122281655012273660e+01 3.198588388818173200e+00
6.971958149802166105e+00 1.373907473930865919e+01
-3.432899057742055504e+00 1.024296460845917522e+00
8.963453257961457865e+00 9.896601434406626652e+00
-1.890622594861342876e+00 2.690457197715385718e+00
-1.489810998137406628e+01 -2.307224821374818546e+00
3.861944428586561173e+00 1.302201486954422904e+01
5.491379756914263055e+00 1.342928310052733565e+01
-1.439358685125715809e+01 8.294960087983781705e+00
-1.103083815461617334e+01 7.436526117325428231e-01
-1.580353164253478226e+01 3.445819860373081411e+00
-7.402188045712200903e+00 1.239282325801232432e+01
1.193919601660136109e+01 1.074601166278760900e+00
2.590346707807096749e+00 -1.555586661037890117e+01
-2.134288728407021551e+00 -6.222782984771905390e+00
1.051507349486970710e+01 -1.234988121873563038e+01
-1.323363820992155659e+01 -3.598542541088237456e+00
-7.301801777215956690e+00 8.370213289846841320e+00
1.237123445486621165e+01 -7.940649518114071270e+00
4.706178165332193686e+00 -1.470620394665183817e+01
-2.369142281471939171e+00 -7.985674468750895372e+00
1.194763609921164260e+00 -1.339405197987535168e+01
-3.774927437939094688e+00 1.558993197924649365e+01
9.740591999585532790e+00 2.599821446731478858e+00
9.461200929308972718e+00 1.263403995535057689e+01
-1.125212501851812519e+01 -6.315221692830924383e+00
-1.382208320810025981e+01 4.182098039996240857e+00
-5.137623548110235916e+00 2.792573681042860301e+00
-1.016449744762589091e+00 1.435329222470408084e+01
-3.514882438994845870e+00 3.483789690631319047e+00
-5.606945088223120877e-01 -2.000117667900418894e+00
9.722989540709352951e+00 -6.421258842724419935e-01
7.301374471244173492e+00 8.359119084708126479e-01
2.636619267402195987e-02 5.472657799295273406e+00
-7.228611683291639167e+00 -1.428221700188032095e+01
8.172393582424238190e+00 -4.134677786009966383e+00
1.201406879901982094e+01 8.056525446511386690e+00
1.182755498271614414e+01 -2.484329951624429711e+00
-1.207510928614445689e+01 9.479556601699080431e+00
-7.672654414649361598e+00 9.998844033944180865e+00
-1.624985692673206117e+01 9.161816854393123322e-02
-5.530139921162012584e+00 6.353568785467860636e+00
-6.940153263735981071e+00 -3.832024839113291392e+00
-2.521479653641954144e+00 5.833509551955426531e+00
6.012416901890450305e+00 5.265290774699565191e+00
-4.832443712474423947e+00 8.034503627774590484e+00
5.918370267828404252e+00 1.146523550348987186e+01
8.017567474778282133e+00 1.164115915311767679e+01
-6.156141603329771783e+00 -1.179526941430434839e+01
-1.265932577189776254e+01 2.329586641307948014e+00
-3.966997949105614651e+00 -1.104095087730187785e+01
-1.900379924113870800e-01 -9.117797362028168706e+00
1.429320236820965917e+01 7.385184991036844337e+00
2.936846716322214945e+00 -2.429527093139338234e+00
-3.405327339449511825e+00 -1.300679526472537972e+01
-1.350878812804321427e+01 -8.208288895628529147e+00
-5.044274174515273046e-01 5.934919645587086734e-01
2.317734844069399003e+00 1.644174184871606315e+01
4.120341486657686403e+00 4.919559144379565652e+00
1.652616082036286826e+01 -1.430274829753869881e+00
-1.421265751785242415e+01 8.115150337964749383e-01
-5.494972455157718372e+00 -6.412060912543967817e+00
6.989340226015237079e+00 8.031960400565854030e+00
-6.302750743934231181e+00 -4.221098841684813863e-01
6.909331443805868389e-01 -2.940032693943383180e+00
-3.084303467075764971e+00 8.084844285179400458e+00
1.289756030987254221e+01 6.368442684031407452e+00
8.609319602973325658e+00 -1.406386395604937078e+01
-7.970197524688499513e+00 -1.049519896623747428e+01
5.215579082410386036e+00 1.523860552484340047e+01
5.373603531166583736e+00 1.248588477393628438e+00
6.602538411462031576e+00 -9.666753390131280099e+00
1.061877119017344384e+01 7.460279772369894147e+00
-8.762077068971098726e+00 7.897550294249388259e+00
-5.671675583153120925e+00 1.049001694265673024e+01
-9.120000261782497120e+00 -3.658196205676192747e+00
-2.571890426503971483e+00 -6.217394515823109202e-01
4.068061032598400573e+00 -1.624160689401408320e+01
8.961955056416517351e+00 7.152480559015597095e+00
-9.429838064513564433e+00 5.253850456561814042e+00
4.803024292047130217e+00 -5.205272263982065439e+00
1.067633059739065970e-01 -1.116543345729551895e+01
5.968202076581658133e+00 -7.695542278974754069e+00
-3.319197267425243680e+00 -2.074075206458129372e+00
-1.742324449299776035e+00 4.370760449447953278e+00
-1.076496802974891409e+01 1.205510824323900110e+01
1.867921460499644581e+00 -6.987943434212763094e+00
-2.255180651366345046e+00 -1.204244373877875240e+01
-1.110256772347828402e+01 5.040953899100603763e+00
1.390009065819809564e+01 -8.768378471474047586e+00
2.907472497548972967e-01 -5.618904112548900542e+00
1.441091908014881540e+01 5.766024534446557936e+00
1.423696557249520822e-01 8.806476668674349639e+00
1.472653283450930672e+01 -7.188691552914562521e+00
-8.580586959571764538e+00 1.967104772898434106e+00
-4.015701540882703924e+00 5.534277994713320936e+00
-1.150050555237904781e+01 -4.344312902541357602e+00
1.395088557832337983e+01 8.901873376358047096e+00
-7.296700616031159825e-01 -1.577475103513723198e+01
-1.423100180668689063e+01 -4.741068389470628475e+00
1.524730247637941716e+01 4.023087690531443883e+00
1.031188152263255020e+01 -3.466172979145628830e+00
-9.347280728253387849e+00 1.780191266458892585e-01
-9.003418321035283611e+00 1.299693041166290541e+01
5.413504064820457984e+00 7.844632654239610758e+00
-5.193907032526180245e+00 -1.315105314252804547e+01
-9.233491479136185731e+00 1.138692652391275928e+01
1.329257454367574809e+01 -3.149097928281250347e+00
1.575206179676268192e+00 -9.385631143117283415e+00
1.006507764840300467e+00 7.027788836938739792e+00
1.113273289052225934e+01 5.806559729766952671e+00
1.415948768608723896e+01 1.438586632586705605e+00
1.454464614469575423e+01 -4.866677905497112988e+00
2.648156091424617387e+00 1.414992377191542872e+01
6.673411004609143049e+00 -1.505432507015396659e+01
-9.391261972463022190e+00 3.351095481625087302e+00
-1.320192967256994265e+01 -6.482937205015488757e-01
-5.451051150404198964e+00 4.776452061009887728e+00
-1.791999138898464849e+00 1.059564714430348786e+01
4.402694310072224226e+00 -4.462620816595830320e-01
-1.181507283779495765e+00 1.631159009541251237e+01
-8.114174690494385445e+00 1.455918789183765227e+01
-4.267787639473988648e+00 -1.522640749466285648e+01
8.947454375031256291e+00 -2.387034696671811673e+00
6.988746507176788469e+00 -5.321730697409842392e+00
7.550549581361799767e+00 -1.299896844660694839e+01
-5.374059904150866984e+00 -1.049475865650691020e+01
2.394964082538255212e+00 5.668640956594060754e+00
7.567323596427719679e+00 -6.598477994449645223e-01
-9.487704185715632121e+00 -9.961307400763509179e+00
1.063384870345628030e+01 9.453272451456456338e+00
-2.728308898432199925e+00 -1.477985939332564236e+01
-1.203007602872670212e+01 1.124637708007067260e+01
-3.293157075557523683e+00 1.122975847731855481e+01
-1.283188383044001846e+01 6.200802973504199400e+00
1.188133597306019595e+01 -5.168999912603808866e-01
-1.661702010727409018e+01 1.559846237644482159e+00
-1.266109600073876962e+01 7.982477112149663157e+00
-6.695354625462719866e+00 3.059712527901407242e+00
-5.475552688434330406e+00 1.466749116004801579e+01
3.730871875362755219e+00 -1.081382455328519931e+01
1.276971402490854501e+00 1.683716342448633441e+00
1.024079280697214500e+01 -6.499555727509529035e+00
-4.160501838745728875e+00 -5.230297005433243385e+00
-4.078409686674074663e+00 -3.571081285867094834e-01
6.962135784301239028e+00 -2.456573992832669973e+00
1.577135049251477028e+01 1.163288138168390162e-01
-5.139760655756306917e+00 1.126828944002742361e+00
-8.269664042014229111e+00 -5.313297080196049293e+00
-7.474880492422101952e+00 6.122547379290665504e+00
5.729120719353403501e+00 3.283041624361334954e+00
-1.072846362075553373e+01 -2.484619567442234001e+00
7.594984425661941430e+00 5.665090840904539959e+00
1.609546357357674395e+01 -4.586285386785128537e+00
9.329810474436261103e+00 1.110861467223113408e+00
-7.774138675965426515e+00 3.002346671700379943e-01
6.943286418879687005e+00 -1.126362381082146058e+01
-2.450114557607584231e+00 -4.736095653088264967e+00
2.396686014497859674e+00 -3.947931000200021856e+00
4.761744280150431052e+00 -9.204047725203748698e+00
-1.285448707319650552e+01 -1.048469065275866186e+01
-5.232295895618619852e+00 -1.568346184583495173e+00
2.696947063602880945e+00 1.138013457079445345e+01
-4.076729371888758280e+00 -7.708122051651651319e+00
-1.045821053857878269e+01 1.049364798983117453e+01
8.469121459143632791e+00 1.421766660462444065e+01
8.833111204933548066e+00 -5.659880436248823088e+00
2.173411337019466316e+00 4.113546271189679970e+00
-7.348889273909330555e+00 -9.040235716483987716e+00
1.182426058193043161e+01 -3.997069720969363971e+00
-2.338282681600176716e-01 1.028937416041713604e+01
-1.642261921278234738e+01 -2.647397424946616340e+00
-1.018973831060980295e+01 -8.394545669968136892e+00
-1.501750278399407890e+01 -7.360701356762142211e+00
6.351819392184445690e+00 9.743292775719961440e+00
1.664340987164759156e+01 1.393373394323681680e+00
-2.574142823318972262e+00 1.421893052293307136e+01
3.989677426519133263e+00 1.620456849655062825e+01
-1.437751958322336954e+01 2.595500412892906894e+00
1.263692741894982774e+01 4.730113906333624385e+00
-1.214393926404611079e+01 -7.545574538292536104e+00
-5.375415784278123610e+00 -3.887618431776717287e+00
-7.051778114432989852e+00 -6.198145870919239186e+00
-9.491019109749849747e+00 -6.903709579578352518e+00
-8.994334117428259390e+00 -1.197434056780785028e+01
7.096048960224003110e+00 3.993467528340513439e+00
-1.258041572634648908e+01 -5.565966679582983190e+00
7.337978821848910371e+00 -8.336181574661861049e+00
-6.303500221873822085e+00 -1.551621304438702609e+01
7.807920104675396544e-01 1.661923203879438660e+01
4.363814693851271187e+00 -1.221001734981239650e+01
