# Antenna elements layout
# Station label: stn.056.C56
# Number of antennas: 256
# Station diameter: 35.00 [m]
# Antenna minimum separation: 1.50 [m]
# X[m]  Y[m]
3.607148405222964982e+00 2.924457017278214721e-02
1.236706067504806583e+01 -7.434655888331402451e+00
-6.480996393195846750e+00 -1.015291000678462829e+01
-8.161630602972772763e+00 -3.692671686641366691e+00
1.621293723170726508e+01 2.494360423893805745e+00
1.457138004793529262e+01 -2.463604061152105729e+00
1.307472061710771527e+01 1.031692484207387750e+01
-2.249187987964539559e+00 -4.673065836750826207e+00
1.069225000330863651e+00 -7.937687099325039242e-01
1.629762813088912310e+01 -2.208904156263404417e+00
1.360374181051405174e+01 7.954301033472063409e+00
-1.254771159503969535e+01 -9.038211150588770337e+00
-8.821369454323354731e+00 -6.643543934897973458e+00
8.569591938605633175e+00 -3.347556358117671493e-01
2.294795471910493490e+00 3.823455615066794877e+00
5.838823904823037481e+00 -1.497941650556256832e+00
-1.298549598207918265e+01 2.926675667396704483e+00
-3.348303739959709091e+00 8.321794325923868030e-01
-4.537241431840630668e+00 2.226529563232340081e+00
-1.128067059255641880e+00 4.042595345425219477e+00
-6.442690732024027866e+00 3.684525441516644406e+00
-7.631344722150501525e-01 -1.556319998181649389e+01
-8.241231873429063270e+00 3.825594188966793041e+00
5.225427549911945135e+00 -8.479516282396796001e+00
8.002353076618955896e+00 -5.011000461945926077e+00
-4.620933389987282425e+00 -1.429463636263403714e+01
1.979893182641031757e+00 -7.534675407719193529e+00
6.655917250609178382e+00 -1.447343680076775563e+01
-7.079494184806748081e+00 -1.318844914986700445e+01
3.456166933366819904e+00 -1.183682726199152846e+01
-1.974434712271202486e+00 -1.327950992206118386e+01
-2.539768770792370844e+00 -1.496341307778796192e+01
5.444519604828482073e+00 8.130656321216203963e+00
1.057882984696418305e+01 1.660343938356099613e+00
-1.258012687967075394e+01 9.201789477376177473e+00
9.598149087574796567e+00 -1.165991449407382419e+01
-4.315633040507828255e+00 8.994423820024746163e+00
-1.242097802116068195e+01 7.329509900554135982e+00
3.452469839183144984e+00 7.527337652173304861e+00
-1.263762967333211229e+01 -6.034776042073961122e+00
-4.616448590565576993e+00 -6.427498102363960797e+00
1.412379410272685476e+01 6.067100981136334781e+00
4.368932632987387876e-01 -2.993676943823137648e+00
1.145041954611336621e+00 -1.366585390070792627e+01
-1.431114066406065533e+01 -8.204374877699196489e+00
-4.919460392752503353e+00 -8.398514529567837172e+00
9.778591995030403439e+00 -6.861889364242784950e+00
1.131015828948150315e+01 9.475509091440390108e+00
-3.809690038345323160e+00 5.274400260861632717e+00
-7.548094082516119130e+00 9.121045830044746339e+00
-1.074234555090406040e+01 -3.233675844562117874e+00
1.004911897080948791e+01 -1.328352053164464763e+01
8.814779143215652368e+00 3.246687559003827772e+00
1.343743862089042906e+01 -8.661244851182914317e-01
-1.555696737462159440e+01 1.684433276264343249e-01
-9.462003639805871558e-02 1.418480834962086945e+01
-3.007351697559723647e+00 -7.587982923907317101e+00
-3.447165993821327490e+00 -1.041303765309708496e+01
8.078129983404256365e+00 6.243684076488147383e+00
3.637986871098419783e+00 1.402721735634810685e+01
-4.428112646548882481e+00 1.108870810628260628e+01
-3.657904514838193677e+00 -1.461715134963057494e+00
6.652377647545531403e+00 1.487987495807866622e+01
8.192305287385185153e+00 -1.263751819439561430e+01
8.983496988638783876e-01 1.541929348592782389e+01
9.398746092712674027e+00 7.239553996907790889e+00
-1.024930255744543395e+01 7.372653729974000925e+00
1.428390067769866079e+01 2.947876427921311659e+00
1.236125353149128969e+01 6.859427434460641848e+00
-5.612165774667117191e+00 5.777778923514592435e+00
1.032549030203621143e+01 1.061038887946138232e+01
-3.565419311205779707e-01 1.086596923125249958e+01
-5.652718564483127039e+00 6.209704169933871754e-02
-1.477705594964337088e+01 3.553863316704621411e+00
-3.635256243097174433e+00 -3.320719037026867326e+00
9.255281949215245163e+00 -2.638798163779666694e+00
7.673184175754720115e+00 9.522723006440187987e+00
-6.073612777359649328e-01 6.674318752850851411e+00
5.460999222131903252e+00 7.594507121323772481e-01
1.486801470810326720e+01 4.637731624828358434e+00
1.143582620727437416e+01 3.082934268147607071e+00
-9.327438259949582644e+00 -1.257410326521551980e+01
9.340317508558214854e+00 1.343185093837352184e+01
-6.262240610558755805e-01 -7.736028511299730681e+00
-5.205380086914033200e+00 -1.114078394363492208e+01
-2.233845128249191347e+00 6.222376756308356960e+00
-1.852697290233029648e+00 1.173981343886826068e+01
-1.083061829693576605e+01 -5.754749466537676383e+00
-1.085090111968130167e+01 3.665144883144481724e+00
4.955788408475719109e+00 -1.001734836860409317e+01
-3.718467208461788687e+00 1.495863253772301249e+01
2.385317251599730071e-01 -6.078514772659014298e+00
-1.123081053424784415e+01 1.043237698410389669e+01
1.976297421641497465e-01 -1.025647285015517696e+01
-2.694319993305295924e+00 1.315452268933249869e+01
7.272099755061152138e+00 -1.005410727381833169e+01
1.170890177404274723e+01 5.424100683422132363e+00
-1.577056274535097735e+01 -4.684947835265948157e+00
-9.401419595386826700e+00 1.072480707149826884e+01
-2.321084695537903642e+00 1.595770190543529310e+01
4.423062977459281342e+00 9.588259168307867952e+00
1.485508049745511983e-01 1.707108606335395962e+00
6.630811962174668395e+00 1.085546359326084342e+01
4.120405978332954078e+00 -6.190083897408072744e+00
-6.272652199287199082e+00 -4.675485047225427238e+00
3.591831962371323073e+00 -1.506024916913442979e+01
-1.064288115052025319e+01 -3.803584184476491714e-01
-6.175606958933673951e+00 -7.164078108220932606e+00
1.268993003518714957e+01 1.859242104129524620e+00
-1.388742178648249848e+01 -2.374604793602230757e-01
-8.590386001717016384e+00 -8.643157145280587983e+00
-1.598362156069112139e+01 -1.971803611796529410e+00
1.086983507998732179e+01 -1.052833461640667245e+01
4.934035524534447603e+00 -3.298095637250135326e+00
4.421326812402135431e+00 1.597847413948741746e+01
6.825827056632149947e-01 9.207425665454394448e+00
-1.583641797927459294e+00 -3.289944739119736283e+00
-1.316762693512793092e+01 -3.013369235598895912e+00
-6.796235579157313467e+00 -1.587578780768776454e+00
-4.687946148229590548e+00 -1.276312147671329100e+01
1.076646346589686232e+01 -4.729711596716040134e+00
3.392546872097799593e+00 -3.876160661673171859e+00
-1.018618103695168386e+01 -1.106966571152973344e+01
-1.503765787210106097e+01 5.057068029325844094e+00
1.283991765293196252e+01 3.850731220224474782e+00
3.134149777752032406e+00 5.231042580990280300e+00
5.995787813283254053e+00 3.541897882236440864e+00
1.955042109429136588e+00 -5.146515742374266011e+00
7.747278611243704205e+00 2.068737701865298817e+00
-6.365795323557938090e+00 1.671279439083551921e+00
-8.221476799629503063e+00 7.215787759821331804e+00
7.070798435077723099e+00 -6.327329541586255601e+00
2.051340124325236047e-01 3.267206983752345195e+00
1.526392667150871318e+01 -5.409454634154208463e+00
1.248339118957389005e+01 -2.063324137082993559e+00
-5.207828509888898338e+00 7.704911807117291289e+00
-1.004122570387487912e+01 1.250105241738298645e+01
2.569443336247172027e+00 9.311074210374425064e+00
-2.214786788308334309e+00 -7.363313921653862337e-01
1.050395260419562860e+01 -1.768936609508024560e+00
1.186984891234817496e+01 -9.283011624185501631e+00
1.906386052305272472e+00 -1.027834939019295746e+01
1.787028795785079893e+00 6.049887344557301816e+00
7.460230700979860075e+00 -7.974119660856750613e+00
-1.186274608460379909e+01 -1.123804283728269482e+01
7.870392173272975356e-01 -1.521028938367157757e+01
-1.461232027532986422e+00 2.039282819260062496e+00
-8.366500763344376423e+00 8.653656510139882130e-01
-5.461434999098571552e+00 1.502012664383698137e+01
8.636030210088744496e+00 -8.928751360713095053e+00
1.346459346170254889e+01 -5.496831691400165809e+00
1.601086832842685936e+00 1.154791777435858080e+01
-2.639526784861677910e+00 9.596149138344728158e+00
-8.885249846922388173e+00 -1.674299591685693755e+00
1.653342297523614235e+01 -5.962367269816866155e-01
4.787692978403409683e+00 1.202084038910246022e+01
-6.399244350161263029e+00 1.344354615434199829e+01
-1.930302796270844112e+00 -8.853712188563775953e+00
-1.401170121419947101e+01 6.566301331804815788e+00
3.532166658386142188e+00 -7.681846360741227286e+00
-8.065150002358212333e+00 -1.138110544551591374e+01
6.521815135211788572e+00 -3.494532548643270786e+00
-9.029296068482947746e+00 8.882098854656586440e+00
4.534445098346175484e+00 6.280851586711488466e+00
-1.217480900331959504e+01 5.011730629038094520e+00
7.930832047557498043e+00 1.170268933593013116e+01
-8.717787657475888352e+00 5.491208075754943962e+00
7.166526747761412963e+00 7.484926246411145456e+00
-6.067927583422076054e+00 1.024666482074119855e+01
-1.254944038475176882e+00 -1.139950545123721604e+01
-9.421073936042109409e+00 -5.118149956491494734e+00
-1.213659760656377884e+01 -4.125281606717644323e+00
4.493486105102604711e+00 3.415215798180621931e+00
-1.413581872135750750e+01 1.920448390065470079e+00
5.597850627520017497e+00 -1.148266505311974939e+01
2.489183341693685492e+00 1.511983918191500464e+01
1.181616016604251129e+01 1.120677039028983302e-01
-1.072329466694418443e+01 -7.868311088983263701e+00
-5.484670956006366893e+00 -2.642183205585778794e+00
-1.188061421083441260e+01 1.063949633430361530e+00
9.782810294112877614e+00 8.695516383869648536e+00
2.545348822868916727e+00 -2.435632994988251809e+00
6.598176502278935374e+00 5.193349422917403757e+00
-4.366020436963605533e+00 -4.790844839524170951e+00
1.336331608758978717e+00 -1.661904998683414547e+01
2.849240977965873611e+00 1.680129666987003390e+00
1.489105059511054208e+01 -7.513910120240559820e+00
-6.789693242417763841e+00 1.172198709564906238e+01
1.569822698107505232e+01 -3.757269279834433817e+00
6.637712552522184950e+00 1.307606763304948316e+01
-1.383941436808589209e+01 8.155397982845542515e+00
-7.471824720862658253e+00 1.469740295656017537e+01
-1.492660718432839673e+01 -6.569408954061474404e+00
-8.574344908168178847e-01 -1.401000694576765682e+00
-5.936819240454802582e+00 -1.555699390928643489e+01
3.317488170893032162e+00 1.139856499549482294e+01
1.049244019829607666e+01 -8.434964422138904183e+00
-1.399850722723804530e+01 -4.983372109769030445e+00
-8.209960524908685997e+00 1.309855847099937520e+01
-7.477867143075945577e+00 -5.806182763099847932e+00
7.077082148398353922e+00 -1.608474451215542445e-01
1.217902650731387482e+01 -3.696714461645509431e+00
3.481779367917013701e+00 -9.662530149860955930e+00
1.493194461793250127e+01 -5.666785925996968842e-01
2.436543379018718980e+00 1.312138957763494673e+01
1.913432427670159086e+00 -1.226706903235973911e+01
1.815635672123182331e+00 1.662813637012691004e+01
1.292633026529845353e+00 7.311389357950019985e-01
1.307257723507430214e+01 -1.037124700647204989e+01
4.883495473622307514e+00 -1.601950308436914838e+01
4.707160160750824218e+00 -1.359031907978985032e+01
-8.516745805797393487e+00 -1.434711565501193320e+01
-3.082198690125201423e+00 3.280094304310875231e+00
-1.007801208814242955e+00 9.242249402721924412e+00
-3.226690488141967350e+00 7.480301498808636040e+00
2.743707271924940017e-01 1.250804561307404583e+01
5.984491409178417598e+00 -4.933473871592401139e+00
-1.203486579233971554e+01 -1.708309920467927512e+00
9.139371898472138156e+00 5.098950335621765362e+00
-2.282068200055567431e+00 -1.645655380049416294e+01
1.548613522048459856e+01 9.859371911291283652e-01
-1.367043029053025549e+00 -6.362545030518695910e+00
-8.628982330574004322e-01 1.270745507650090644e-01
-3.087342258898571501e+00 -1.206964109339906344e+01
5.295511672001904202e+00 1.381140333555105215e+01
-7.261162516436973746e+00 6.046696530706860528e+00
8.311686669618367773e-01 7.560686748648528521e+00
1.073740598225160880e+01 1.233901795158674375e+01
-4.681082307484949467e-01 -1.309450051414206939e+01
-1.147402036500319866e+01 1.195058608121714272e+01
-1.654151456771992201e+01 1.805454895967876894e+00
6.428745255932579283e+00 -1.283225129412825893e+01
-1.001297599791858239e+01 1.867699326859678877e+00
5.829637903298703350e-01 4.887755787592258372e+00
-1.054931270022505885e+01 8.928616627806505335e+00
7.441928041719272358e+00 -2.174263411891429243e+00
1.342714660379222025e+01 -8.907321947517026217e+00
-1.371144851957595279e-01 -4.537619086670121149e+00
1.196454544363140471e+01 -5.763150356248047501e+00
-1.008828357210213511e+01 -9.294112237679062360e+00
4.414092884439764219e+00 1.892650792130730508e+00
1.087142528861988211e+01 7.620744410275584357e+00
-1.461673031961089286e+01 -3.498824793494616614e+00
-4.409605453696173072e+00 -1.615842089859386732e+01
9.104767874887009782e-01 -8.803615311043161640e+00
-4.442021754210063733e+00 1.305267054389639725e+01
-1.023727918344626708e+01 5.787259105611084919e+00
2.987719117961312065e+00 -1.333051983181989186e+01
1.175133125141481827e+01 1.116966733168502302e+01
-4.799129409650198852e+00 3.773456661879237117e+00
-3.238069036559123148e+00 -5.801268778107916191e+00
-1.225769162457009998e+01 -7.552927327518840883e+00
8.564016358838294707e+00 -1.418925747355823042e+01
-7.062524991100374905e+00 -8.383740394417413810e+00
-4.350364255386018897e-01 1.669757894847111857e+01
1.390313542554874360e+01 5.609812849586646166e-01
